####
#
# OBJ File Generated by Meshlab
#
####
# Object skyscraper.obj
#
# Vertices: 2022
# Faces: 1863
#
####
v -0.192945 0.522187 1.140963
v -0.192945 0.522191 1.332962
v -0.427729 0.522187 1.140963
v -0.427729 0.522191 1.332962
v -0.427747 0.522147 -0.485035
v -0.192953 0.522147 -0.485035
v -0.192953 0.741747 -0.485040
v -0.427747 0.741747 -0.485040
v -0.192945 0.609391 1.332960
v -0.192945 0.648543 1.321002
v -0.427729 0.648543 1.321002
v -0.427729 0.609391 1.332960
v -0.192945 0.673968 1.302634
v -0.192945 0.699869 1.271741
v -0.427729 0.699869 1.271741
v -0.427729 0.673968 1.302634
v -0.427729 0.728852 1.200588
v -0.427729 0.714686 1.241729
v -0.192945 0.714686 1.241729
v -0.192945 0.728852 1.200588
v -0.427729 0.741787 1.118958
v -0.427729 0.736970 1.163164
v -0.192945 0.736970 1.163164
v -0.192945 0.741787 1.118958
v -0.084881 0.522187 1.140963
v -0.084881 0.522191 1.332962
v -0.144088 0.522187 1.140963
v -0.144088 0.522191 1.332962
v -0.144092 0.522147 -0.485035
v -0.084883 0.522147 -0.485035
v -0.084883 0.741747 -0.485040
v -0.144092 0.741747 -0.485040
v -0.144088 0.741787 1.118958
v -0.144088 0.736970 1.163164
v -0.084881 0.736970 1.163164
v -0.084881 0.741787 1.118958
v -0.144088 0.728852 1.200588
v -0.144088 0.714686 1.241729
v -0.084881 0.714686 1.241729
v -0.084881 0.728852 1.200588
v -0.084881 0.673968 1.302634
v -0.084881 0.699869 1.271741
v -0.144088 0.699869 1.271741
v -0.144088 0.673968 1.302634
v -0.084881 0.609391 1.332960
v -0.084881 0.648543 1.321002
v -0.144088 0.648543 1.321002
v -0.144088 0.609391 1.332960
v 0.192945 0.522187 1.140963
v 0.192945 0.522191 1.332962
v 0.427729 0.522187 1.140963
v 0.427729 0.522191 1.332962
v 0.427747 0.522147 -0.485035
v 0.192953 0.522147 -0.485035
v 0.192953 0.741747 -0.485040
v 0.427747 0.741747 -0.485040
v 0.192945 0.609391 1.332960
v 0.192945 0.648543 1.321002
v 0.427729 0.648543 1.321002
v 0.427729 0.609391 1.332960
v 0.192945 0.673968 1.302634
v 0.192945 0.699869 1.271741
v 0.427729 0.699869 1.271741
v 0.427729 0.673968 1.302634
v 0.427729 0.728852 1.200588
v 0.427729 0.714686 1.241729
v 0.192945 0.714686 1.241729
v 0.192945 0.728852 1.200588
v 0.427729 0.741787 1.118958
v 0.427729 0.736970 1.163164
v 0.192945 0.736970 1.163164
v 0.192945 0.741787 1.118958
v 0.084881 0.522187 1.140963
v 0.084881 0.522191 1.332962
v 0.144088 0.522187 1.140963
v 0.144088 0.522191 1.332962
v 0.144092 0.522147 -0.485035
v 0.084883 0.522147 -0.485035
v 0.084883 0.741747 -0.485040
v 0.144092 0.741747 -0.485040
v 0.144088 0.741787 1.118958
v 0.144088 0.736970 1.163164
v 0.084881 0.736970 1.163164
v 0.084881 0.741787 1.118958
v 0.144088 0.728852 1.200588
v 0.144088 0.714686 1.241729
v 0.084881 0.714686 1.241729
v 0.084881 0.728852 1.200588
v 0.084881 0.673968 1.302634
v 0.084881 0.699869 1.271741
v 0.144088 0.699869 1.271741
v 0.144088 0.673968 1.302634
v 0.084881 0.609391 1.332960
v 0.084881 0.648543 1.321002
v 0.144088 0.648543 1.321002
v 0.144088 0.609391 1.332960
v -0.025348 0.522187 1.140963
v -0.025348 0.648543 1.321002
v -0.025348 0.609391 1.332960
v -0.025348 0.522191 1.332962
v -0.025348 0.728852 1.200588
v -0.025348 0.741787 1.118958
v -0.025348 0.736970 1.163164
v 0.033859 0.522187 1.140963
v 0.033859 0.699869 1.271741
v 0.033859 0.714686 1.241729
v 0.033859 0.728852 1.200588
v 0.033859 0.609391 1.332960
v 0.033859 0.648543 1.321002
v 0.033859 0.522191 1.332962
v -0.025348 0.714686 1.241729
v -0.025348 0.699869 1.271741
v -0.025348 0.673968 1.302634
v 0.033859 0.673968 1.302634
v 0.033859 0.736970 1.163164
v 0.033859 0.741787 1.118958
v -0.025346 0.522147 -0.485035
v 0.033863 0.522147 -0.485035
v 0.033863 0.741747 -0.485040
v -0.025346 0.741747 -0.485040
v -1.229856 -0.447152 1.818825
v -0.502382 -0.447408 1.818756
v -0.502380 -0.447411 1.852356
v -1.229855 -0.447155 1.852426
v -1.229855 0.447178 1.852426
v -0.502380 0.447434 1.852356
v -0.502382 0.447431 1.818756
v -1.229856 0.447176 1.818825
v -0.502382 0.447431 1.748755
v -1.229856 0.447176 1.748825
v -1.229856 -0.447152 1.748825
v -0.502382 -0.447408 1.748755
v -1.229855 0.447178 1.782426
v -0.502380 0.447434 1.782356
v -0.502380 -0.447411 1.782356
v -1.229855 -0.447155 1.782426
v -0.502382 0.447432 1.678756
v -1.229856 0.447176 1.678825
v -1.229856 -0.447152 1.678825
v -0.502382 -0.447408 1.678756
v -1.229855 0.447178 1.712426
v -0.502380 0.447434 1.712356
v -0.502380 -0.447411 1.712356
v -1.229855 -0.447155 1.712426
v -0.502382 0.447432 1.608755
v -1.229856 0.447176 1.608825
v -1.229856 -0.447152 1.608825
v -0.502382 -0.447408 1.608755
v -1.229855 0.447178 1.642426
v -0.502380 0.447434 1.642356
v -0.502380 -0.447410 1.642356
v -1.229855 -0.447155 1.642426
v -0.502382 0.447432 1.538756
v -1.229856 0.447176 1.538825
v -1.229856 -0.447152 1.538825
v -0.502382 -0.447408 1.538756
v -1.229855 0.447178 1.572426
v -0.502380 0.447434 1.572356
v -0.502380 -0.447410 1.572356
v -1.229855 -0.447155 1.572426
v -0.502382 0.447432 1.468756
v -1.229856 0.447176 1.468825
v -1.229856 -0.447152 1.468825
v -0.502382 -0.447408 1.468756
v -1.229855 0.447178 1.502426
v -0.502380 0.447434 1.502356
v -0.502380 -0.447410 1.502356
v -1.229855 -0.447155 1.502426
v -0.502382 0.447432 1.398756
v -1.229856 0.447176 1.398825
v -1.229856 -0.447152 1.398825
v -0.502382 -0.447408 1.398756
v -1.229855 0.447178 1.432426
v -0.502380 0.447434 1.432356
v -0.502380 -0.447410 1.432356
v -1.229855 -0.447155 1.432426
v -0.502382 0.447432 1.328756
v -1.229856 0.447176 1.328825
v -1.229856 -0.447152 1.328825
v -0.502382 -0.447408 1.328756
v -1.229855 0.447178 1.362426
v -0.502380 0.447434 1.362356
v -0.502380 -0.447410 1.362356
v -1.229855 -0.447155 1.362426
v -0.502382 0.447432 1.258756
v -1.229856 0.447176 1.258825
v -1.229856 -0.447152 1.258825
v -0.502382 -0.447408 1.258756
v -1.229855 0.447178 1.292426
v -0.502380 0.447434 1.292356
v -0.502380 -0.447410 1.292356
v -1.229855 -0.447155 1.292426
v -0.502382 0.447432 1.188756
v -1.229856 0.447176 1.188825
v -1.229856 -0.447152 1.188825
v -0.502382 -0.447408 1.188756
v -1.229855 0.447178 1.222426
v -0.502380 0.447434 1.222356
v -0.502380 -0.447410 1.222356
v -1.229855 -0.447155 1.222426
v -0.502382 0.447432 1.118756
v -1.229856 0.447176 1.118825
v -1.229856 -0.447152 1.118825
v -0.502382 -0.447408 1.118756
v -1.229855 0.447178 1.152426
v -0.502380 0.447434 1.152357
v -0.502380 -0.447410 1.152357
v -1.229855 -0.447155 1.152426
v -0.502382 0.447432 1.048756
v -1.229856 0.447176 1.048825
v -1.229856 -0.447152 1.048825
v -0.502382 -0.447408 1.048756
v -1.229855 0.447178 1.082426
v -0.502380 0.447434 1.082356
v -0.502380 -0.447410 1.082356
v -1.229855 -0.447155 1.082426
v -0.502382 0.447432 0.978756
v -1.229856 0.447176 0.978825
v -1.229856 -0.447152 0.978825
v -0.502382 -0.447408 0.978756
v -1.229855 0.447178 1.012426
v -0.502380 0.447434 1.012357
v -0.502380 -0.447410 1.012357
v -1.229855 -0.447155 1.012426
v -0.502382 0.447432 0.908756
v -1.229856 0.447176 0.908825
v -1.229856 -0.447152 0.908825
v -0.502382 -0.447408 0.908756
v -1.229855 0.447178 0.942426
v -0.502380 0.447434 0.942357
v -0.502380 -0.447410 0.942357
v -1.229855 -0.447155 0.942426
v -0.502382 0.447432 0.838756
v -1.229856 0.447176 0.838825
v -1.229856 -0.447152 0.838825
v -0.502382 -0.447408 0.838756
v -1.229855 0.447178 0.872426
v -0.502380 0.447434 0.872357
v -0.502380 -0.447410 0.872357
v -1.229855 -0.447155 0.872426
v -0.502382 0.447432 0.768756
v -1.229856 0.447176 0.768825
v -1.229856 -0.447152 0.768825
v -0.502382 -0.447408 0.768756
v -1.229855 0.447178 0.802426
v -0.502380 0.447434 0.802357
v -0.502380 -0.447410 0.802357
v -1.229855 -0.447155 0.802426
v -0.502382 0.447432 0.698756
v -1.229856 0.447176 0.698825
v -1.229856 -0.447152 0.698825
v -0.502382 -0.447408 0.698756
v -1.229855 0.447178 0.732426
v -0.502380 0.447434 0.732356
v -0.502380 -0.447410 0.732356
v -1.229855 -0.447155 0.732426
v -0.502382 0.447432 0.628756
v -1.229856 0.447176 0.628825
v -1.229856 -0.447152 0.628825
v -0.502382 -0.447408 0.628756
v -1.229855 0.447178 0.662426
v -0.502380 0.447434 0.662357
v -0.502380 -0.447410 0.662357
v -1.229855 -0.447155 0.662426
v -0.502382 0.447432 0.558756
v -1.229856 0.447176 0.558825
v -1.229856 -0.447152 0.558825
v -0.502382 -0.447408 0.558756
v -1.229855 0.447178 0.592426
v -0.502380 0.447434 0.592357
v -0.502380 -0.447410 0.592357
v -1.229855 -0.447155 0.592426
v -0.502382 0.447432 0.488756
v -1.229856 0.447176 0.488825
v -1.229856 -0.447152 0.488825
v -0.502382 -0.447408 0.488756
v -1.229855 0.447178 0.522426
v -0.502380 0.447434 0.522357
v -0.502380 -0.447410 0.522357
v -1.229855 -0.447155 0.522426
v -0.502382 0.447432 0.418756
v -1.229856 0.447176 0.418825
v -1.229856 -0.447152 0.418825
v -0.502382 -0.447408 0.418756
v -1.229855 0.447178 0.452426
v -0.502380 0.447434 0.452357
v -0.502380 -0.447410 0.452356
v -1.229855 -0.447155 0.452426
v -0.620755 -0.846616 0.202908
v -1.429920 -0.846900 0.203024
v -0.620758 -0.846614 0.169908
v -1.429924 -0.846898 0.170024
v -1.428147 0.846920 0.170113
v -0.618983 0.844938 0.169996
v -1.428143 0.846919 0.203113
v -0.618980 0.844936 0.202996
v -1.429920 -0.846900 0.133024
v -1.428143 0.846919 0.133113
v -0.618980 0.844936 0.132996
v -0.620755 -0.846616 0.132908
v -0.618983 0.844938 0.099996
v -1.428147 0.846920 0.100113
v -1.429924 -0.846898 0.100024
v -0.620758 -0.846614 0.099908
v -1.429920 -0.846900 0.063024
v -1.428143 0.846919 0.063113
v -0.618980 0.844936 0.062996
v -0.620755 -0.846616 0.062908
v -0.618983 0.844938 0.029996
v -1.428147 0.846920 0.030113
v -1.429924 -0.846898 0.030024
v -0.620758 -0.846614 0.029908
v -1.429920 -0.846900 -0.006976
v -1.428143 0.846919 -0.006887
v -0.618980 0.844936 -0.007004
v -0.620755 -0.846616 -0.007092
v -0.618983 0.844938 -0.040004
v -1.428147 0.846920 -0.039887
v -1.429924 -0.846898 -0.039976
v -0.620758 -0.846614 -0.040092
v -1.429920 -0.846900 -0.076976
v -1.428143 0.846919 -0.076887
v -0.618980 0.844936 -0.077004
v -0.620755 -0.846616 -0.077092
v -0.618983 0.844938 -0.110004
v -1.428147 0.846920 -0.109887
v -1.429924 -0.846898 -0.109976
v -0.620758 -0.846614 -0.110092
v -1.429920 -0.846900 -0.146976
v -1.428143 0.846919 -0.146887
v -0.618980 0.844936 -0.147004
v -0.620755 -0.846616 -0.147092
v -0.618983 0.844938 -0.180004
v -1.428147 0.846920 -0.179887
v -1.429924 -0.846898 -0.179976
v -0.620758 -0.846614 -0.180092
v -1.429920 -0.846900 -0.216976
v -1.428143 0.846919 -0.216887
v -0.618980 0.844936 -0.217004
v -0.620755 -0.846616 -0.217092
v -0.618983 0.844938 -0.250004
v -1.428147 0.846920 -0.249887
v -1.429924 -0.846898 -0.249976
v -0.620758 -0.846614 -0.250092
v -1.429920 -0.846900 -0.286976
v -1.428143 0.846919 -0.286887
v -0.618980 0.844936 -0.287004
v -0.620755 -0.846616 -0.287092
v -0.618983 0.844938 -0.320004
v -1.428147 0.846920 -0.319887
v -1.429924 -0.846898 -0.319976
v -0.620758 -0.846614 -0.320092
v -1.429920 -0.846900 -0.356976
v -1.428143 0.846919 -0.356887
v -0.618980 0.844936 -0.357004
v -0.620755 -0.846616 -0.357092
v -0.618983 0.844938 -0.390004
v -1.428147 0.846920 -0.389887
v -1.429924 -0.846898 -0.389976
v -0.620758 -0.846614 -0.390092
v -1.429920 -0.846900 -0.426976
v -1.428143 0.846919 -0.426887
v -0.618980 0.844936 -0.427004
v -0.620755 -0.846616 -0.427092
v -0.618983 0.844938 -0.460004
v -1.428147 0.846920 -0.459887
v -1.429924 -0.846898 -0.459976
v -0.620758 -0.846614 -0.460092
v -0.192945 -0.522188 1.140963
v -0.192945 -0.522192 1.332962
v -0.427729 -0.522188 1.140963
v -0.427729 -0.522192 1.332962
v -0.427747 -0.522147 -0.485035
v -0.192953 -0.522147 -0.485035
v -0.192953 -0.741747 -0.485041
v -0.427747 -0.741747 -0.485041
v -0.192945 -0.609392 1.332960
v -0.192945 -0.648544 1.321002
v -0.427729 -0.648544 1.321002
v -0.427729 -0.609392 1.332960
v -0.192945 -0.673968 1.302634
v -0.192945 -0.699870 1.271741
v -0.427729 -0.699870 1.271741
v -0.427729 -0.673968 1.302634
v -0.427729 -0.728853 1.200588
v -0.427729 -0.714687 1.241729
v -0.192945 -0.714687 1.241729
v -0.192945 -0.728853 1.200588
v -0.427729 -0.741787 1.118958
v -0.427729 -0.736971 1.163164
v -0.192945 -0.736971 1.163164
v -0.192945 -0.741787 1.118958
v -0.084881 -0.522188 1.140963
v -0.084881 -0.522192 1.332962
v -0.144088 -0.522188 1.140963
v -0.144088 -0.522192 1.332962
v -0.144092 -0.522147 -0.485035
v -0.084883 -0.522147 -0.485035
v -0.084883 -0.741747 -0.485041
v -0.144092 -0.741747 -0.485041
v -0.144088 -0.741787 1.118958
v -0.144088 -0.736971 1.163164
v -0.084881 -0.736971 1.163164
v -0.084881 -0.741787 1.118958
v -0.144088 -0.728853 1.200588
v -0.144088 -0.714687 1.241729
v -0.084881 -0.714687 1.241729
v -0.084881 -0.728853 1.200588
v -0.084881 -0.673968 1.302634
v -0.084881 -0.699870 1.271741
v -0.144088 -0.699870 1.271741
v -0.144088 -0.673968 1.302634
v -0.084881 -0.609392 1.332960
v -0.084881 -0.648544 1.321002
v -0.144088 -0.648544 1.321002
v -0.144088 -0.609392 1.332960
v -0.451419 -0.319687 2.054012
v -0.451426 -0.319687 2.317168
v -0.451421 0.319699 2.054012
v -0.451428 0.319699 2.317168
v -0.451349 0.319749 1.921143
v -0.451346 -0.319665 1.921143
v -0.839857 -0.319727 1.921135
v -0.839860 0.319686 1.921135
v -0.606288 -0.319717 2.310421
v -0.671742 -0.319723 2.297259
v -0.671744 0.319663 2.297259
v -0.606290 0.319669 2.310421
v -0.723168 -0.319731 2.272007
v -0.764292 -0.319737 2.235574
v -0.764295 0.319649 2.235574
v -0.723171 0.319655 2.272007
v -0.816414 0.319640 2.137997
v -0.793462 0.319644 2.189807
v -0.793459 -0.319742 2.189807
v -0.816411 -0.319746 2.137997
v -0.839932 0.319637 2.044005
v -0.832044 0.319638 2.082178
v -0.832041 -0.319748 2.082178
v -0.839929 -0.319749 2.044005
v -0.321963 -0.126043 2.723685
v -0.321968 -0.126043 2.911408
v -0.321965 0.126047 2.723685
v -0.321970 0.126047 2.911408
v -0.321914 0.126067 2.223308
v -0.321912 -0.126034 2.223308
v -0.596986 -0.126059 2.223302
v -0.596988 0.126042 2.223302
v -0.597038 0.126022 2.715636
v -0.594559 0.126023 2.750857
v -0.594557 -0.126067 2.750857
v -0.597036 -0.126068 2.715636
v -0.587369 0.126024 2.783069
v -0.570680 0.126025 2.821016
v -0.570678 -0.126065 2.821016
v -0.587367 -0.126066 2.783069
v -0.520835 -0.126060 2.880676
v -0.550610 -0.126063 2.852741
v -0.550612 0.126027 2.852741
v -0.520836 0.126030 2.880676
v -0.434884 -0.126055 2.911406
v -0.485158 -0.126057 2.900794
v -0.485160 0.126033 2.900794
v -0.434885 0.126035 2.911406
v -0.325162 -0.031203 2.746866
v -0.521010 -0.031206 2.967045
v -0.458039 -0.031206 2.980237
v -0.325168 -0.031203 2.980240
v -0.649030 -0.031209 2.820691
v -0.666626 -0.031209 2.736860
v -0.662524 -0.031209 2.772499
v -0.628129 0.031197 2.867866
v -0.649033 0.031197 2.820691
v -0.325164 0.031203 2.746866
v -0.602994 0.031198 2.907306
v -0.458041 0.031200 2.980237
v -0.521012 0.031199 2.967045
v -0.325171 0.031203 2.980240
v -0.628127 -0.031208 2.867866
v -0.602992 -0.031208 2.907306
v -0.565696 -0.031207 2.942034
v -0.565699 0.031198 2.942034
v -0.662527 0.031197 2.772499
v -0.666628 0.031197 2.736860
v -0.325098 -0.031200 2.225079
v -0.325100 0.031208 2.225079
v -0.666565 0.031202 2.225072
v -0.666562 -0.031206 2.225072
v -0.994575 -1.251708 -0.727693
v -1.862235 -1.251708 -0.727693
v -0.994575 -1.251708 -0.761370
v -1.862235 -1.251708 -0.761370
v -1.862235 1.244397 -0.761369
v -0.994575 1.244397 -0.761369
v -1.862235 1.244397 -0.727692
v -0.994575 1.244397 -0.727692
v -1.862235 -1.251708 -0.657693
v -1.862235 1.244397 -0.657693
v -0.994575 1.244397 -0.657693
v -0.994575 -1.251708 -0.657693
v -0.994575 -1.251708 -0.691370
v -0.994575 1.244397 -0.691369
v -1.862235 1.244397 -0.691369
v -1.862235 -1.251708 -0.691370
v -1.862235 -1.251708 -0.587693
v -1.862235 1.244397 -0.587692
v -0.994575 1.244397 -0.587692
v -0.994575 -1.251708 -0.587693
v -0.994575 -1.251708 -0.621370
v -0.994575 1.244397 -0.621369
v -1.862235 1.244397 -0.621369
v -1.862235 -1.251708 -0.621370
v 1.229856 -0.447152 1.818825
v 0.502382 -0.447408 1.818756
v 0.502380 -0.447411 1.852356
v 1.229855 -0.447155 1.852426
v 1.229855 0.447178 1.852426
v 0.502380 0.447434 1.852356
v 0.502382 0.447431 1.818756
v 1.229856 0.447176 1.818825
v 0.502382 0.447431 1.748755
v 1.229856 0.447176 1.748825
v 1.229856 -0.447152 1.748825
v 0.502382 -0.447408 1.748755
v 1.229855 0.447178 1.782426
v 0.502380 0.447434 1.782356
v 0.502380 -0.447411 1.782356
v 1.229855 -0.447155 1.782426
v 0.502382 0.447432 1.678756
v 1.229856 0.447176 1.678825
v 1.229856 -0.447152 1.678825
v 0.502382 -0.447408 1.678756
v 1.229855 0.447178 1.712426
v 0.502380 0.447434 1.712356
v 0.502380 -0.447411 1.712356
v 1.229855 -0.447155 1.712426
v 0.502382 0.447432 1.608755
v 1.229856 0.447176 1.608825
v 1.229856 -0.447152 1.608825
v 0.502382 -0.447408 1.608755
v 1.229855 0.447178 1.642426
v 0.502380 0.447434 1.642356
v 0.502380 -0.447410 1.642356
v 1.229855 -0.447155 1.642426
v 0.502382 0.447432 1.538756
v 1.229856 0.447176 1.538825
v 1.229856 -0.447152 1.538825
v 0.502382 -0.447408 1.538756
v 1.229855 0.447178 1.572426
v 0.502380 0.447434 1.572356
v 0.502380 -0.447410 1.572356
v 1.229855 -0.447155 1.572426
v 0.502382 0.447432 1.468756
v 1.229856 0.447176 1.468825
v 1.229856 -0.447152 1.468825
v 0.502382 -0.447408 1.468756
v 1.229855 0.447178 1.502426
v 0.502380 0.447434 1.502356
v 0.502380 -0.447410 1.502356
v 1.229855 -0.447155 1.502426
v 0.502382 0.447432 1.398756
v 1.229856 0.447176 1.398825
v 1.229856 -0.447152 1.398825
v 0.502382 -0.447408 1.398756
v 1.229855 0.447178 1.432426
v 0.502380 0.447434 1.432356
v 0.502380 -0.447410 1.432356
v 1.229855 -0.447155 1.432426
v 0.502382 0.447432 1.328756
v 1.229856 0.447176 1.328825
v 1.229856 -0.447152 1.328825
v 0.502382 -0.447408 1.328756
v 1.229855 0.447178 1.362426
v 0.502380 0.447434 1.362356
v 0.502380 -0.447410 1.362356
v 1.229855 -0.447155 1.362426
v 0.502382 0.447432 1.258756
v 1.229856 0.447176 1.258825
v 1.229856 -0.447152 1.258825
v 0.502382 -0.447408 1.258756
v 1.229855 0.447178 1.292426
v 0.502380 0.447434 1.292356
v 0.502380 -0.447410 1.292356
v 1.229855 -0.447155 1.292426
v 0.502382 0.447432 1.188756
v 1.229856 0.447176 1.188825
v 1.229856 -0.447152 1.188825
v 0.502382 -0.447408 1.188756
v 1.229855 0.447178 1.222426
v 0.502380 0.447434 1.222356
v 0.502380 -0.447410 1.222356
v 1.229855 -0.447155 1.222426
v 0.502382 0.447432 1.118756
v 1.229856 0.447176 1.118825
v 1.229856 -0.447152 1.118825
v 0.502382 -0.447408 1.118756
v 1.229855 0.447178 1.152426
v 0.502380 0.447434 1.152357
v 0.502380 -0.447410 1.152357
v 1.229855 -0.447155 1.152426
v 0.502382 0.447432 1.048756
v 1.229856 0.447176 1.048825
v 1.229856 -0.447152 1.048825
v 0.502382 -0.447408 1.048756
v 1.229855 0.447178 1.082426
v 0.502380 0.447434 1.082356
v 0.502380 -0.447410 1.082356
v 1.229855 -0.447155 1.082426
v 0.502382 0.447432 0.978756
v 1.229856 0.447176 0.978825
v 1.229856 -0.447152 0.978825
v 0.502382 -0.447408 0.978756
v 1.229855 0.447178 1.012426
v 0.502380 0.447434 1.012357
v 0.502380 -0.447410 1.012357
v 1.229855 -0.447155 1.012426
v 0.502382 0.447432 0.908756
v 1.229856 0.447176 0.908825
v 1.229856 -0.447152 0.908825
v 0.502382 -0.447408 0.908756
v 1.229855 0.447178 0.942426
v 0.502380 0.447434 0.942357
v 0.502380 -0.447410 0.942357
v 1.229855 -0.447155 0.942426
v 0.502382 0.447432 0.838756
v 1.229856 0.447176 0.838825
v 1.229856 -0.447152 0.838825
v 0.502382 -0.447408 0.838756
v 1.229855 0.447178 0.872426
v 0.502380 0.447434 0.872357
v 0.502380 -0.447410 0.872357
v 1.229855 -0.447155 0.872426
v 0.502382 0.447432 0.768756
v 1.229856 0.447176 0.768825
v 1.229856 -0.447152 0.768825
v 0.502382 -0.447408 0.768756
v 1.229855 0.447178 0.802426
v 0.502380 0.447434 0.802357
v 0.502380 -0.447410 0.802357
v 1.229855 -0.447155 0.802426
v 0.502382 0.447432 0.698756
v 1.229856 0.447176 0.698825
v 1.229856 -0.447152 0.698825
v 0.502382 -0.447408 0.698756
v 1.229855 0.447178 0.732426
v 0.502380 0.447434 0.732356
v 0.502380 -0.447410 0.732356
v 1.229855 -0.447155 0.732426
v 0.502382 0.447432 0.628756
v 1.229856 0.447176 0.628825
v 1.229856 -0.447152 0.628825
v 0.502382 -0.447408 0.628756
v 1.229855 0.447178 0.662426
v 0.502380 0.447434 0.662357
v 0.502380 -0.447410 0.662357
v 1.229855 -0.447155 0.662426
v 0.502382 0.447432 0.558756
v 1.229856 0.447176 0.558825
v 1.229856 -0.447152 0.558825
v 0.502382 -0.447408 0.558756
v 1.229855 0.447178 0.592426
v 0.502380 0.447434 0.592357
v 0.502380 -0.447410 0.592357
v 1.229855 -0.447155 0.592426
v 0.502382 0.447432 0.488756
v 1.229856 0.447176 0.488825
v 1.229856 -0.447152 0.488825
v 0.502382 -0.447408 0.488756
v 1.229855 0.447178 0.522426
v 0.502380 0.447434 0.522357
v 0.502380 -0.447410 0.522357
v 1.229855 -0.447155 0.522426
v 0.502382 0.447432 0.418756
v 1.229856 0.447176 0.418825
v 1.229856 -0.447152 0.418825
v 0.502382 -0.447408 0.418756
v 1.229855 0.447178 0.452426
v 0.502380 0.447434 0.452357
v 0.502380 -0.447410 0.452356
v 1.229855 -0.447155 0.452426
v 0.620755 -0.846616 0.202908
v 1.429920 -0.846900 0.203024
v 0.620758 -0.846614 0.169908
v 1.429924 -0.846898 0.170024
v 1.428147 0.846920 0.170113
v 0.618983 0.844938 0.169996
v 1.428143 0.846919 0.203113
v 0.618980 0.844936 0.202996
v 1.429920 -0.846900 0.133024
v 1.428143 0.846919 0.133113
v 0.618980 0.844936 0.132996
v 0.620755 -0.846616 0.132908
v 0.618983 0.844938 0.099996
v 1.428147 0.846920 0.100113
v 1.429924 -0.846898 0.100024
v 0.620758 -0.846614 0.099908
v 1.429920 -0.846900 0.063024
v 1.428143 0.846919 0.063113
v 0.618980 0.844936 0.062996
v 0.620755 -0.846616 0.062908
v 0.618983 0.844938 0.029996
v 1.428147 0.846920 0.030113
v 1.429924 -0.846898 0.030024
v 0.620758 -0.846614 0.029908
v 1.429920 -0.846900 -0.006976
v 1.428143 0.846919 -0.006887
v 0.618980 0.844936 -0.007004
v 0.620755 -0.846616 -0.007092
v 0.618983 0.844938 -0.040004
v 1.428147 0.846920 -0.039887
v 1.429924 -0.846898 -0.039976
v 0.620758 -0.846614 -0.040092
v 1.429920 -0.846900 -0.076976
v 1.428143 0.846919 -0.076887
v 0.618980 0.844936 -0.077004
v 0.620755 -0.846616 -0.077092
v 0.618983 0.844938 -0.110004
v 1.428147 0.846920 -0.109887
v 1.429924 -0.846898 -0.109976
v 0.620758 -0.846614 -0.110092
v 1.429920 -0.846900 -0.146976
v 1.428143 0.846919 -0.146887
v 0.618980 0.844936 -0.147004
v 0.620755 -0.846616 -0.147092
v 0.618983 0.844938 -0.180004
v 1.428147 0.846920 -0.179887
v 1.429924 -0.846898 -0.179976
v 0.620758 -0.846614 -0.180092
v 1.429920 -0.846900 -0.216976
v 1.428143 0.846919 -0.216887
v 0.618980 0.844936 -0.217004
v 0.620755 -0.846616 -0.217092
v 0.618983 0.844938 -0.250004
v 1.428147 0.846920 -0.249887
v 1.429924 -0.846898 -0.249976
v 0.620758 -0.846614 -0.250092
v 1.429920 -0.846900 -0.286976
v 1.428143 0.846919 -0.286887
v 0.618980 0.844936 -0.287004
v 0.620755 -0.846616 -0.287092
v 0.618983 0.844938 -0.320004
v 1.428147 0.846920 -0.319887
v 1.429924 -0.846898 -0.319976
v 0.620758 -0.846614 -0.320092
v 1.429920 -0.846900 -0.356976
v 1.428143 0.846919 -0.356887
v 0.618980 0.844936 -0.357004
v 0.620755 -0.846616 -0.357092
v 0.618983 0.844938 -0.390004
v 1.428147 0.846920 -0.389887
v 1.429924 -0.846898 -0.389976
v 0.620758 -0.846614 -0.390092
v 1.429920 -0.846900 -0.426976
v 1.428143 0.846919 -0.426887
v 0.618980 0.844936 -0.427004
v 0.620755 -0.846616 -0.427092
v 0.618983 0.844938 -0.460004
v 1.428147 0.846920 -0.459887
v 1.429924 -0.846898 -0.459976
v 0.620758 -0.846614 -0.460092
v 0.192945 -0.522188 1.140963
v 0.192945 -0.522192 1.332962
v 0.427729 -0.522188 1.140963
v 0.427729 -0.522192 1.332962
v 0.427747 -0.522147 -0.485035
v 0.192953 -0.522147 -0.485035
v 0.192953 -0.741747 -0.485041
v 0.427747 -0.741747 -0.485041
v 0.192945 -0.609392 1.332960
v 0.192945 -0.648544 1.321002
v 0.427729 -0.648544 1.321002
v 0.427729 -0.609392 1.332960
v 0.192945 -0.673968 1.302634
v 0.192945 -0.699870 1.271741
v 0.427729 -0.699870 1.271741
v 0.427729 -0.673968 1.302634
v 0.427729 -0.728853 1.200588
v 0.427729 -0.714687 1.241729
v 0.192945 -0.714687 1.241729
v 0.192945 -0.728853 1.200588
v 0.427729 -0.741787 1.118958
v 0.427729 -0.736971 1.163164
v 0.192945 -0.736971 1.163164
v 0.192945 -0.741787 1.118958
v 0.084881 -0.522188 1.140963
v 0.084881 -0.522192 1.332962
v 0.144088 -0.522188 1.140963
v 0.144088 -0.522192 1.332962
v 0.144092 -0.522147 -0.485035
v 0.084883 -0.522147 -0.485035
v 0.084883 -0.741747 -0.485041
v 0.144092 -0.741747 -0.485041
v 0.144088 -0.741787 1.118958
v 0.144088 -0.736971 1.163164
v 0.084881 -0.736971 1.163164
v 0.084881 -0.741787 1.118958
v 0.144088 -0.728853 1.200588
v 0.144088 -0.714687 1.241729
v 0.084881 -0.714687 1.241729
v 0.084881 -0.728853 1.200588
v 0.084881 -0.673968 1.302634
v 0.084881 -0.699870 1.271741
v 0.144088 -0.699870 1.271741
v 0.144088 -0.673968 1.302634
v 0.084881 -0.609392 1.332960
v 0.084881 -0.648544 1.321002
v 0.144088 -0.648544 1.321002
v 0.144088 -0.609392 1.332960
v 0.451419 -0.319687 2.054012
v 0.451426 -0.319687 2.317168
v 0.451421 0.319699 2.054012
v 0.451428 0.319699 2.317168
v 0.451349 0.319749 1.921143
v 0.451346 -0.319665 1.921143
v 0.839857 -0.319727 1.921135
v 0.839860 0.319686 1.921135
v 0.606288 -0.319717 2.310421
v 0.671742 -0.319723 2.297259
v 0.671744 0.319663 2.297259
v 0.606290 0.319669 2.310421
v 0.723168 -0.319731 2.272007
v 0.764292 -0.319737 2.235574
v 0.764295 0.319649 2.235574
v 0.723171 0.319655 2.272007
v 0.816414 0.319640 2.137997
v 0.793462 0.319644 2.189807
v 0.793459 -0.319742 2.189807
v 0.816411 -0.319746 2.137997
v 0.839932 0.319637 2.044005
v 0.832044 0.319638 2.082178
v 0.832041 -0.319748 2.082178
v 0.839929 -0.319749 2.044005
v 0.321963 -0.126043 2.723685
v 0.321968 -0.126043 2.911408
v 0.321965 0.126047 2.723685
v 0.321970 0.126047 2.911408
v 0.321914 0.126067 2.223308
v 0.321912 -0.126034 2.223308
v 0.596986 -0.126059 2.223302
v 0.596988 0.126042 2.223302
v 0.597038 0.126022 2.715636
v 0.594559 0.126023 2.750857
v 0.594557 -0.126067 2.750857
v 0.597036 -0.126068 2.715636
v 0.587369 0.126024 2.783069
v 0.570680 0.126025 2.821016
v 0.570678 -0.126065 2.821016
v 0.587367 -0.126066 2.783069
v 0.520835 -0.126060 2.880676
v 0.550610 -0.126063 2.852741
v 0.550612 0.126027 2.852741
v 0.520836 0.126030 2.880676
v 0.434884 -0.126055 2.911406
v 0.485158 -0.126057 2.900794
v 0.485160 0.126033 2.900794
v 0.434885 0.126035 2.911406
v 0.325162 -0.031203 2.746866
v 0.521010 -0.031206 2.967045
v 0.458039 -0.031206 2.980237
v 0.325168 -0.031203 2.980240
v 0.649030 -0.031209 2.820691
v 0.666626 -0.031209 2.736860
v 0.662524 -0.031209 2.772499
v 0.628129 0.031197 2.867866
v 0.649033 0.031197 2.820691
v 0.325164 0.031203 2.746866
v 0.602994 0.031198 2.907306
v 0.458041 0.031200 2.980237
v 0.521012 0.031199 2.967045
v 0.325171 0.031203 2.980240
v 0.628127 -0.031208 2.867866
v 0.602992 -0.031208 2.907306
v 0.565696 -0.031207 2.942034
v 0.565699 0.031198 2.942034
v 0.662527 0.031197 2.772499
v 0.666628 0.031197 2.736860
v 0.325098 -0.031200 2.225079
v 0.325100 0.031208 2.225079
v 0.666565 0.031202 2.225072
v 0.666562 -0.031206 2.225072
v 0.994575 -1.251708 -0.727693
v 1.862235 -1.251708 -0.727693
v 0.994575 -1.251708 -0.761370
v 1.862235 -1.251708 -0.761370
v 1.862235 1.244397 -0.761369
v 0.994575 1.244397 -0.761369
v 1.862235 1.244397 -0.727692
v 0.994575 1.244397 -0.727692
v 1.862235 -1.251708 -0.657693
v 1.862235 1.244397 -0.657693
v 0.994575 1.244397 -0.657693
v 0.994575 -1.251708 -0.657693
v 0.994575 -1.251708 -0.691370
v 0.994575 1.244397 -0.691369
v 1.862235 1.244397 -0.691369
v 1.862235 -1.251708 -0.691370
v 1.862235 -1.251708 -0.587693
v 1.862235 1.244397 -0.587692
v 0.994575 1.244397 -0.587692
v 0.994575 -1.251708 -0.587693
v 0.994575 -1.251708 -0.621370
v 0.994575 1.244397 -0.621369
v 1.862235 1.244397 -0.621369
v 1.862235 -1.251708 -0.621370
v -0.025348 -0.522188 1.140963
v -0.025348 -0.648544 1.321002
v -0.025348 -0.609392 1.332960
v -0.025348 -0.522192 1.332962
v -0.025348 -0.728853 1.200588
v -0.025348 -0.741787 1.118958
v -0.025348 -0.736971 1.163164
v 0.033859 -0.522188 1.140963
v 0.033859 -0.699870 1.271741
v 0.033859 -0.714687 1.241729
v 0.033859 -0.728853 1.200588
v 0.033859 -0.609392 1.332960
v 0.033859 -0.648544 1.321002
v 0.033859 -0.522192 1.332962
v -0.025348 -0.714687 1.241729
v -0.025348 -0.699870 1.271741
v -0.025348 -0.673968 1.302634
v 0.033859 -0.673968 1.302634
v 0.033859 -0.736971 1.163164
v 0.033859 -0.741787 1.118958
v -0.025346 -0.522147 -0.485035
v 0.033863 -0.522147 -0.485035
v 0.033863 -0.741747 -0.485041
v -0.025346 -0.741747 -0.485041
v 0.076546 -0.286062 3.264308
v 0.075458 -0.251241 3.264313
v 0.018925 -0.251262 3.264310
v 0.120244 -0.251224 3.264315
v 0.176798 -0.286003 3.264316
v 0.253370 -0.194773 3.264332
v 0.218580 -0.132308 3.264332
v 0.218589 -0.082831 3.264334
v 0.253399 -0.091186 3.264339
v 0.218599 -0.020376 3.264337
v 0.053198 -0.286069 3.125059
v 0.075462 -0.251234 3.125065
v 0.120249 -0.251218 3.125068
v 0.176803 -0.285997 3.125069
v 0.018927 -0.251256 3.125062
v 0.253377 -0.194768 3.125085
v 0.218588 -0.132304 3.125085
v 0.218596 -0.082828 3.125087
v 0.253413 -0.070313 3.125094
v 0.018916 -0.226662 3.264311
v 0.018918 -0.226656 3.125064
v 0.075453 -0.226634 3.125067
v 0.075449 -0.226641 3.264313
v 0.176774 -0.226597 3.125072
v 0.176768 -0.226603 3.264319
v 0.120235 -0.226624 3.264316
v 0.120239 -0.226618 3.125069
v 0.218607 -0.020374 3.125090
v 0.194007 -0.020370 3.125088
v 0.193999 -0.020372 3.264336
v 0.193989 -0.082827 3.264333
v 0.193996 -0.082824 3.125086
v 0.193970 -0.194759 3.264328
v 0.193977 -0.194754 3.125081
v 0.193988 -0.132300 3.125083
v 0.193980 -0.132304 3.264331
v 0.125808 -0.428387 3.125055
v -0.000001 -0.429069 3.125043
v 0.251616 -0.427706 3.125067
v 0.377424 -0.427024 3.125078
v 0.380201 0.000001 3.125113
v 0.253351 -0.285952 3.125077
v -0.000001 -0.286113 3.324346
v 0.253343 -0.285958 3.264324
v 0.253336 -0.285964 3.324370
v 0.253417 0.000001 3.324394
v 1.819603 -1.200421 -0.810401
v 1.910299 -1.381811 -0.810401
v 1.040347 -1.200421 -0.810401
v 0.923480 -1.381811 -0.810401
v 1.910299 -1.381811 -0.840400
v 0.923480 -1.381811 -0.840400
v 0.109101 -0.967000 -0.719747
v 0.109101 -0.967000 -0.705854
v 0.129101 -0.967000 -0.705854
v 0.129101 -0.967000 -0.719747
v 0.238676 -0.967000 -0.705854
v 0.238676 -0.967000 -0.719747
v 0.218676 -0.967000 -0.719747
v 0.218676 -0.967000 -0.705854
v 0.238644 -0.967355 -0.615200
v 0.218644 -0.967342 -0.615200
v 0.109075 -0.967273 -0.615200
v 0.129075 -0.967286 -0.615200
v 0.109101 -0.967000 -0.810401
v 0.129101 -0.967000 -0.810401
v 0.238676 -0.967000 -0.810401
v 0.218676 -0.967000 -0.810401
v 0.585130 -0.967000 -0.705854
v 0.585130 -0.967000 -0.719747
v 0.565130 -0.967000 -0.719747
v 0.565130 -0.967000 -0.705854
v 0.585133 -0.967001 -0.615200
v 0.565133 -0.967001 -0.615200
v 0.455223 -0.967000 -0.705854
v 0.455230 -0.967001 -0.615200
v 0.475230 -0.967001 -0.615200
v 0.475223 -0.967000 -0.705854
v 0.455223 -0.967000 -0.719747
v 0.475223 -0.967000 -0.719747
v 0.455223 -0.967000 -0.810401
v 0.475223 -0.967000 -0.810401
v 0.585130 -0.967000 -0.810401
v 0.565130 -0.967000 -0.810401
v 0.917602 -0.967000 -0.810401
v 0.917602 -0.967000 -0.719747
v 0.937602 -0.967000 -0.719747
v 0.937602 -0.967000 -0.810401
v 0.917602 -0.967000 -0.705854
v 0.937602 -0.967000 -0.705854
v 0.917602 -0.967001 -0.615200
v 0.937602 -0.967001 -0.615200
v 0.824851 -0.967000 -0.705854
v 0.824851 -0.967000 -0.719747
v 0.804851 -0.967000 -0.719747
v 0.804851 -0.967000 -0.705854
v 0.824851 -0.967000 -0.810401
v 0.804851 -0.967000 -0.810401
v 0.824851 -0.967001 -0.615200
v 0.804851 -0.967001 -0.615200
v 0.218744 -0.968763 -0.615200
v 0.109432 -0.969929 -0.615200
v 0.566560 -0.972149 -0.615200
v 0.473802 -0.972149 -0.615200
v 0.937199 -0.969810 -0.615200
v 0.824746 -0.968449 -0.615200
v 1.040352 -1.000000 -0.615200
v 0.702101 -0.967000 -0.705854
v 0.702101 -0.967001 -0.615200
v -0.000002 -1.000000 -0.615200
v 0.009506 -0.967210 -0.615200
v 0.009526 -0.967000 -0.705854
v 0.009526 -0.967000 -0.719747
v 0.009526 -0.967000 -0.810401
v 0.520176 -1.000000 -0.615200
v 0.355326 -0.967001 -0.615200
v 0.355316 -0.967000 -0.705854
v 0.355316 -0.967000 -0.719747
v 0.355316 -0.967000 -0.810401
v 1.040352 -0.967000 -0.719747
v 1.040352 -0.967000 -0.810401
v 1.040352 -0.967000 -0.705854
v 1.040352 -0.967001 -0.615200
v 0.702101 -0.967000 -0.719747
v 0.702101 -0.967000 -0.810401
v 0.338251 -0.967000 -0.719747
v 0.338251 -0.967000 -0.810401
v 0.338251 -0.967000 -0.705854
v 0.338212 -0.967418 -0.615200
v 0.685036 -0.967001 -0.615200
v 0.685036 -0.967000 -0.810401
v 0.685036 -0.967000 -0.719747
v 0.685036 -0.967000 -0.705854
v 1.000000 -1.000000 -0.549800
v 1.040352 -1.000000 -0.549800
v 0.075204 -0.084909 3.324369
v 0.075124 -0.084973 3.935167
v 0.016697 -0.387685 2.691419
v 0.016686 -0.387722 2.973037
v 0.016559 -0.354722 2.973039
v 0.016571 -0.354685 2.691422
v 0.064530 -0.387502 2.691422
v 0.064403 -0.354502 2.691425
v 0.064521 -0.387539 2.973039
v 0.064394 -0.354539 2.973042
v 0.102426 -0.387357 2.691424
v 0.102416 -0.387393 2.973042
v 0.102372 -0.354393 2.973045
v 0.102383 -0.354357 2.691427
v 0.158964 -0.387282 2.691425
v 0.158920 -0.354282 2.691428
v 0.158949 -0.387318 2.973043
v 0.158905 -0.354318 2.973046
v 0.250837 -0.354174 2.691430
v 0.250814 -0.354210 2.973048
v 0.197633 -0.387273 2.973044
v 0.197595 -0.354273 2.973047
v 0.197652 -0.387236 2.691427
v 0.197613 -0.354236 2.691429
v 0.359795 -0.452503 1.370187
v 0.359786 -0.452504 2.523405
v 0.303213 -0.485504 2.523405
v 0.303213 -0.452504 2.523405
v 0.303222 -0.485503 1.370187
v 0.303222 -0.452503 1.370187
v 0.213671 -0.485503 1.370187
v 0.213663 -0.485504 2.523405
v 0.213663 -0.452504 2.523405
v 0.213671 -0.452503 1.370187
v 0.264888 -0.485503 1.370187
v 0.264888 -0.452503 1.370187
v 0.264880 -0.485504 2.523405
v 0.264880 -0.452504 2.523405
v 0.173688 -0.485504 2.523406
v 0.173695 -0.485503 1.370187
v 0.173695 -0.452503 1.370187
v 0.173688 -0.452504 2.523406
v 0.119334 -0.485504 2.523406
v 0.119334 -0.452504 2.523406
v 0.119340 -0.485503 1.370187
v 0.119340 -0.452503 1.370187
v 0.019170 -0.485503 1.370187
v 0.019166 -0.485504 2.523406
v 0.019166 -0.452504 2.523406
v 0.019171 -0.452503 1.370187
v 0.078881 -0.485503 1.370187
v 0.078881 -0.452503 1.370187
v 0.078876 -0.485504 2.523406
v 0.078876 -0.452504 2.523406
v 0.040895 -0.428392 2.691417
v 0.130977 -0.428118 2.691422
v 0.197934 -0.428035 2.691423
v 0.251158 -0.427973 2.691424
v 0.251135 -0.428009 2.973042
v 0.178573 -0.428095 2.973040
v 0.050359 -0.428393 2.973035
v -0.000001 -0.429032 2.973024
v 0.359795 -0.526304 1.370187
v 0.303222 -0.526304 1.370187
v 0.359786 -0.526304 2.523405
v 0.284046 -0.526304 2.523405
v 0.193676 -0.526304 2.523406
v 0.099105 -0.526304 2.523406
v 0.019166 -0.526304 2.523406
v 0.049026 -0.526303 1.370187
v 0.146518 -0.526303 1.370187
v 0.239280 -0.526304 1.370187
v 0.104805 -0.526307 2.691397
v 0.284601 -0.526307 2.691396
v 0.502349 -0.526307 2.691396
v 0.377516 -0.426950 2.691441
v 0.502392 -0.526231 1.140966
v 0.212625 -0.526303 1.140968
v -0.000001 -0.526301 1.140969
v 0.502371 -0.526258 2.029004
v -0.000001 -0.619988 1.140961
v 0.502578 0.000001 2.691484
v 0.380293 0.000001 2.691477
v 0.502371 -0.447421 2.029024
v 0.502458 -0.447408 1.891604
v 0.503293 -0.399056 1.891600
v 0.503380 -0.399056 1.140980
v 1.187519 -0.399072 1.891670
v 1.187519 -0.399072 1.141054
v 0.621673 -0.399056 1.140982
v 0.620673 -0.619988 1.140961
v 0.642899 -0.620682 -0.484400
v 0.636456 -0.795619 -0.484398
v -0.000002 -1.000000 -0.484400
v -0.000001 -0.619946 -0.484400
v 0.620700 -0.619946 0.391563
v 0.620700 -0.619946 0.236425
v 1.229846 -0.447166 2.029093
v 0.621693 -0.399056 0.391585
v 1.187519 -0.399072 0.391655
v 1.819603 -1.200421 -0.549800
v 1.859799 -1.252600 -0.549800
v 1.859799 -1.252600 -0.398000
v 1.377111 -0.795619 -0.398001
v 1.429899 -0.846910 0.236425
v 1.429899 -0.846910 0.391681
v 0.620734 -0.846626 0.391564
v 0.620734 -0.846626 0.236425
v 0.999932 -0.795618 -0.484397
v 1.000002 -0.795618 -0.397999
v 1.000000 -1.252600 -0.398000
v 1.000000 -1.000000 -0.484400
v 1.040347 -1.200421 -0.549800
v 1.000000 -1.252600 -0.549800
v 1.377111 -0.795619 0.236425
v 0.636456 -0.795619 0.236427
v 0.642899 -0.620682 0.236425
v 1.229856 -0.447152 1.891673
v -1.229858 -0.447149 1.891673
v -0.642901 -0.620681 0.236425
v -0.636459 -0.795617 0.236427
v -1.377114 -0.795616 0.236425
v -1.000003 -1.252597 -0.549800
v -1.040351 -1.200418 -0.549800
v -1.000003 -0.999998 -0.484400
v -1.000003 -1.252597 -0.398000
v -1.000005 -0.795616 -0.397999
v -0.999935 -0.795616 -0.484396
v -0.620737 -0.846624 0.236425
v -0.620737 -0.846624 0.391564
v -1.429902 -0.846907 0.391681
v -1.429902 -0.846907 0.236426
v -1.377114 -0.795616 -0.398001
v -1.859803 -1.252595 -0.398000
v -1.859803 -1.252595 -0.549800
v -1.819607 -1.200417 -0.549800
v -1.187521 -0.399069 0.391655
v -0.621695 -0.399054 0.391585
v -1.229848 -0.447163 2.029093
v -0.620703 -0.619945 0.236425
v -0.620703 -0.619945 0.391563
v -0.636459 -0.795617 -0.484398
v -0.642901 -0.620681 -0.484400
v -0.620676 -0.619986 1.140961
v -0.621675 -0.399054 1.140983
v -1.187521 -0.399069 1.141054
v -1.187521 -0.399069 1.891670
v -0.503382 -0.399054 1.140981
v -0.503295 -0.399055 1.891600
v -0.502461 -0.447407 1.891604
v -0.502374 -0.447420 2.029024
v -0.380295 0.000001 2.691476
v -0.502580 0.000001 2.691484
v -0.502374 -0.526257 2.029004
v -0.212628 -0.526303 1.140968
v -0.502395 -0.526230 1.140966
v -0.377519 -0.426949 2.691441
v -0.502352 -0.526306 2.691396
v -0.284604 -0.526307 2.691396
v -0.104807 -0.526307 2.691397
v -0.239282 -0.526303 1.370187
v -0.146520 -0.526303 1.370187
v -0.049028 -0.526303 1.370187
v -0.019168 -0.526304 2.523406
v -0.099107 -0.526304 2.523405
v -0.193678 -0.526304 2.523405
v -0.284049 -0.526304 2.523405
v -0.359788 -0.526303 2.523405
v -0.303224 -0.526303 1.370187
v -0.359798 -0.526303 1.370187
v -0.050361 -0.428393 2.973035
v -0.178575 -0.428094 2.973040
v -0.251137 -0.428009 2.973041
v -0.251160 -0.427972 2.691424
v -0.197936 -0.428035 2.691423
v -0.130979 -0.428118 2.691421
v -0.040898 -0.428392 2.691417
v -0.078878 -0.452504 2.523406
v -0.078878 -0.485504 2.523406
v -0.078883 -0.452503 1.370187
v -0.078884 -0.485503 1.370187
v -0.019173 -0.452503 1.370187
v -0.019168 -0.452504 2.523406
v -0.019168 -0.485504 2.523406
v -0.019173 -0.485503 1.370187
v -0.119342 -0.452503 1.370187
v -0.119343 -0.485503 1.370187
v -0.119336 -0.452503 2.523405
v -0.119336 -0.485504 2.523405
v -0.173690 -0.452503 2.523405
v -0.173697 -0.452503 1.370187
v -0.173697 -0.485503 1.370187
v -0.173690 -0.485504 2.523405
v -0.264882 -0.452503 2.523405
v -0.264883 -0.485503 2.523405
v -0.264891 -0.452503 1.370187
v -0.264891 -0.485503 1.370187
v -0.213673 -0.452503 1.370187
v -0.213666 -0.452503 2.523405
v -0.213666 -0.485504 2.523405
v -0.213673 -0.485503 1.370187
v -0.303224 -0.452503 1.370187
v -0.303224 -0.485503 1.370187
v -0.303215 -0.452503 2.523405
v -0.303215 -0.485503 2.523405
v -0.359788 -0.452503 2.523405
v -0.359797 -0.452503 1.370187
v -0.197615 -0.354236 2.691429
v -0.197654 -0.387236 2.691426
v -0.197597 -0.354272 2.973047
v -0.197635 -0.387272 2.973044
v -0.250816 -0.354210 2.973048
v -0.250839 -0.354173 2.691430
v -0.158907 -0.354318 2.973046
v -0.158951 -0.387318 2.973043
v -0.158922 -0.354281 2.691428
v -0.158966 -0.387281 2.691425
v -0.102385 -0.354356 2.691427
v -0.102374 -0.354393 2.973045
v -0.102418 -0.387393 2.973042
v -0.102429 -0.387356 2.691424
v -0.064397 -0.354539 2.973042
v -0.064523 -0.387538 2.973039
v -0.064405 -0.354502 2.691424
v -0.064532 -0.387502 2.691421
v -0.016573 -0.354685 2.691421
v -0.016562 -0.354722 2.973039
v -0.016688 -0.387722 2.973037
v -0.016699 -0.387685 2.691418
v -0.075125 -0.084972 3.935167
v -0.075206 -0.084909 3.324369
v -1.040356 -0.999998 -0.549800
v -1.000003 -0.999998 -0.549800
v -0.685040 -0.966999 -0.705853
v -0.685040 -0.966999 -0.719747
v -0.685040 -0.966999 -0.810400
v -0.685040 -0.966999 -0.615200
v -0.338215 -0.967418 -0.615200
v -0.338255 -0.967000 -0.705853
v -0.338255 -0.967000 -0.810400
v -0.338255 -0.967000 -0.719747
v -0.702104 -0.966999 -0.810400
v -0.702104 -0.966999 -0.719747
v -1.040356 -0.966998 -0.615200
v -1.040356 -0.966998 -0.705853
v -1.040356 -0.966998 -0.810400
v -1.040356 -0.966998 -0.719747
v -0.355319 -0.967000 -0.810400
v -0.355319 -0.967000 -0.719747
v -0.355319 -0.967000 -0.705853
v -0.355330 -0.967000 -0.615200
v -0.520180 -0.999999 -0.615200
v -0.009529 -0.967000 -0.810400
v -0.009529 -0.967000 -0.719747
v -0.009529 -0.967000 -0.705853
v -0.009510 -0.967210 -0.615200
v -0.702104 -0.966999 -0.615200
v -0.702104 -0.966999 -0.705853
v -1.040356 -0.999998 -0.615200
v -0.824749 -0.968447 -0.615200
v -0.937203 -0.969808 -0.615200
v -0.473806 -0.972148 -0.615200
v -0.566563 -0.972147 -0.615200
v -0.109436 -0.969929 -0.615200
v -0.218747 -0.968762 -0.615200
v -0.804855 -0.966999 -0.615200
v -0.824855 -0.966999 -0.615200
v -0.804855 -0.966999 -0.810400
v -0.824855 -0.966999 -0.810400
v -0.804855 -0.966999 -0.705853
v -0.804855 -0.966999 -0.719747
v -0.824855 -0.966999 -0.719747
v -0.824855 -0.966999 -0.705853
v -0.937606 -0.966999 -0.615200
v -0.917606 -0.966999 -0.615200
v -0.937606 -0.966998 -0.705853
v -0.917606 -0.966998 -0.705853
v -0.937606 -0.966998 -0.810400
v -0.937606 -0.966998 -0.719747
v -0.917606 -0.966998 -0.719747
v -0.917606 -0.966998 -0.810400
v -0.565133 -0.966999 -0.810400
v -0.585133 -0.966999 -0.810400
v -0.475226 -0.966999 -0.810400
v -0.455226 -0.966999 -0.810400
v -0.475226 -0.966999 -0.719747
v -0.455226 -0.966999 -0.719747
v -0.475226 -0.966999 -0.705853
v -0.475233 -0.967000 -0.615200
v -0.455233 -0.967000 -0.615200
v -0.455226 -0.966999 -0.705853
v -0.565137 -0.966999 -0.615200
v -0.585137 -0.966999 -0.615200
v -0.565133 -0.966999 -0.705853
v -0.565133 -0.966999 -0.719747
v -0.585133 -0.966999 -0.719747
v -0.585133 -0.966999 -0.705853
v -0.218680 -0.967000 -0.810400
v -0.238680 -0.967000 -0.810400
v -0.129104 -0.967000 -0.810400
v -0.109104 -0.967000 -0.810400
v -0.129078 -0.967285 -0.615200
v -0.109078 -0.967272 -0.615200
v -0.218647 -0.967342 -0.615200
v -0.238647 -0.967355 -0.615200
v -0.218680 -0.967000 -0.705853
v -0.218680 -0.967000 -0.719747
v -0.238680 -0.967000 -0.719747
v -0.238680 -0.967000 -0.705853
v -0.129104 -0.967000 -0.719747
v -0.129104 -0.967000 -0.705853
v -0.109104 -0.967000 -0.705853
v -0.109104 -0.967000 -0.719747
v -0.923484 -1.381809 -0.840400
v -1.910303 -1.381807 -0.840400
v -0.923484 -1.381809 -0.810400
v -1.040351 -1.200418 -0.810400
v -1.910303 -1.381807 -0.810400
v -1.819607 -1.200417 -0.810400
v -0.253419 0.000001 3.324394
v -0.253338 -0.285963 3.324370
v -0.253345 -0.285957 3.264323
v -0.253353 -0.285951 3.125077
v -0.380202 0.000001 3.125113
v -0.377426 -0.427023 3.125078
v -0.251618 -0.427705 3.125067
v -0.125810 -0.428387 3.125055
v -0.193982 -0.132303 3.264330
v -0.193990 -0.132300 3.125083
v -0.193979 -0.194754 3.125081
v -0.193971 -0.194758 3.264328
v -0.193998 -0.082823 3.125086
v -0.193990 -0.082826 3.264333
v -0.194001 -0.020371 3.264336
v -0.194008 -0.020369 3.125088
v -0.218608 -0.020373 3.125090
v -0.120241 -0.226617 3.125069
v -0.120237 -0.226624 3.264316
v -0.176770 -0.226602 3.264319
v -0.176775 -0.226596 3.125072
v -0.075451 -0.226641 3.264313
v -0.075454 -0.226634 3.125066
v -0.018920 -0.226655 3.125063
v -0.018918 -0.226662 3.264311
v -0.253414 -0.070312 3.125094
v -0.218598 -0.082827 3.125087
v -0.218590 -0.132304 3.125085
v -0.253379 -0.194768 3.125084
v -0.018929 -0.251255 3.125062
v -0.176805 -0.285996 3.125069
v -0.120250 -0.251217 3.125068
v -0.075464 -0.251234 3.125065
v -0.053200 -0.286069 3.125059
v -0.218601 -0.020375 3.264337
v -0.253401 -0.091185 3.264339
v -0.218590 -0.082830 3.264334
v -0.218582 -0.132307 3.264332
v -0.253371 -0.194772 3.264331
v -0.176800 -0.286002 3.264316
v -0.120246 -0.251224 3.264315
v -0.018927 -0.251262 3.264310
v -0.075460 -0.251240 3.264313
v -0.076547 -0.286062 3.264308
v -0.000001 -0.619946 0.391563
v 0.346782 -1.200420 -0.810400
v -0.346786 -1.200419 -0.810400
v -0.000002 -1.381810 -0.810400
v -0.000002 -1.381810 -0.840400
v -0.000002 1.381813 -0.840399
v -0.000002 1.381813 -0.810400
v -0.346786 1.200422 -0.810400
v 0.346782 1.200423 -0.810400
v -0.000001 0.619949 0.391563
v -0.076547 0.286063 3.264308
v -0.075460 0.251242 3.264313
v -0.018927 0.251263 3.264310
v -0.120246 0.251225 3.264315
v -0.176800 0.286004 3.264316
v -0.253371 0.194774 3.264331
v -0.218582 0.132309 3.264332
v -0.218590 0.082832 3.264334
v -0.253401 0.091187 3.264339
v -0.218601 0.020377 3.264337
v -0.053200 0.286071 3.125059
v -0.075464 0.251236 3.125065
v -0.120250 0.251219 3.125068
v -0.176805 0.285998 3.125069
v -0.018929 0.251257 3.125062
v -0.253379 0.194770 3.125084
v -0.218590 0.132306 3.125085
v -0.218598 0.082829 3.125087
v -0.253414 0.070314 3.125094
v -0.018918 0.226663 3.264311
v -0.018920 0.226657 3.125063
v -0.075454 0.226636 3.125066
v -0.075451 0.226642 3.264313
v -0.176775 0.226598 3.125072
v -0.176770 0.226604 3.264319
v -0.120237 0.226625 3.264316
v -0.120241 0.226619 3.125069
v -0.218608 0.020375 3.125090
v -0.194008 0.020371 3.125088
v -0.194001 0.020373 3.264336
v -0.193990 0.082828 3.264333
v -0.193998 0.082825 3.125086
v -0.193971 0.194760 3.264328
v -0.193979 0.194756 3.125081
v -0.193990 0.132302 3.125083
v -0.193982 0.132305 3.264330
v -0.125810 0.428389 3.125055
v -0.251618 0.427707 3.125067
v -0.377426 0.427025 3.125078
v -0.253353 0.285953 3.125077
v -0.253345 0.285959 3.264323
v -0.253338 0.285965 3.324370
v -1.819607 1.200420 -0.810400
v -1.910303 1.381810 -0.810400
v -1.040351 1.200422 -0.810400
v -0.923484 1.381812 -0.810400
v -1.910303 1.381810 -0.840399
v -0.923484 1.381812 -0.840399
v -0.109104 0.967004 -0.719746
v -0.109104 0.967004 -0.705853
v -0.129104 0.967004 -0.705853
v -0.129104 0.967004 -0.719746
v -0.238680 0.967004 -0.705853
v -0.238680 0.967004 -0.719746
v -0.218680 0.967004 -0.719746
v -0.218680 0.967004 -0.705853
v -0.238647 0.967358 -0.615200
v -0.218647 0.967345 -0.615200
v -0.109078 0.967276 -0.615200
v -0.129078 0.967288 -0.615200
v -0.109104 0.967004 -0.810400
v -0.129104 0.967004 -0.810400
v -0.238680 0.967004 -0.810400
v -0.218680 0.967004 -0.810400
v -0.585133 0.967003 -0.705853
v -0.585133 0.967003 -0.719746
v -0.565133 0.967003 -0.719746
v -0.565133 0.967003 -0.705853
v -0.585137 0.967003 -0.615200
v -0.565137 0.967003 -0.615200
v -0.455226 0.967003 -0.705853
v -0.455233 0.967003 -0.615200
v -0.475233 0.967003 -0.615200
v -0.475226 0.967003 -0.705853
v -0.455226 0.967003 -0.719746
v -0.475226 0.967003 -0.719746
v -0.455226 0.967003 -0.810400
v -0.475226 0.967003 -0.810400
v -0.585133 0.967003 -0.810400
v -0.565133 0.967003 -0.810400
v -0.917606 0.967002 -0.810400
v -0.917606 0.967002 -0.719746
v -0.937606 0.967002 -0.719746
v -0.937606 0.967002 -0.810400
v -0.917606 0.967002 -0.705853
v -0.937606 0.967002 -0.705853
v -0.917606 0.967002 -0.615200
v -0.937606 0.967002 -0.615200
v -0.824855 0.967002 -0.705853
v -0.824855 0.967002 -0.719746
v -0.804855 0.967002 -0.719746
v -0.804855 0.967002 -0.705853
v -0.824855 0.967002 -0.810400
v -0.804855 0.967002 -0.810400
v -0.824855 0.967002 -0.615200
v -0.804855 0.967002 -0.615200
v -0.218747 0.968765 -0.615200
v -0.109436 0.969932 -0.615200
v -0.566563 0.972150 -0.615200
v -0.473806 0.972151 -0.615200
v -0.937203 0.969811 -0.615200
v -0.824749 0.968450 -0.615200
v -1.040356 1.000001 -0.615200
v -0.702104 0.967003 -0.705853
v -0.702104 0.967002 -0.615200
v -0.009510 0.967213 -0.615200
v -0.009529 0.967004 -0.705853
v -0.009529 0.967004 -0.719746
v -0.009529 0.967004 -0.810400
v -0.520180 1.000002 -0.615200
v -0.355330 0.967003 -0.615200
v -0.355319 0.967003 -0.705853
v -0.355319 0.967003 -0.719746
v -0.355319 0.967003 -0.810400
v -1.040356 0.967002 -0.719746
v -1.040356 0.967002 -0.810400
v -1.040356 0.967002 -0.705853
v -1.040356 0.967002 -0.615200
v -0.702104 0.967003 -0.719746
v -0.702104 0.967003 -0.810400
v -0.338255 0.967003 -0.719746
v -0.338255 0.967003 -0.810400
v -0.338255 0.967003 -0.705853
v -0.338215 0.967421 -0.615200
v -0.685040 0.967002 -0.615200
v -0.685040 0.967003 -0.810400
v -0.685040 0.967003 -0.719746
v -0.685040 0.967003 -0.705853
v -1.000003 1.000001 -0.549800
v -1.040356 1.000001 -0.549800
v -0.075206 0.084910 3.324369
v -0.075125 0.084974 3.935167
v -0.016699 0.387687 2.691418
v -0.016688 0.387723 2.973037
v -0.016562 0.354724 2.973039
v -0.016573 0.354687 2.691421
v -0.064532 0.387504 2.691421
v -0.064405 0.354504 2.691424
v -0.064523 0.387540 2.973039
v -0.064397 0.354540 2.973042
v -0.102429 0.387358 2.691424
v -0.102418 0.387395 2.973042
v -0.102374 0.354395 2.973045
v -0.102385 0.354358 2.691427
v -0.158966 0.387283 2.691425
v -0.158922 0.354283 2.691428
v -0.158951 0.387320 2.973043
v -0.158907 0.354320 2.973046
v -0.250839 0.354175 2.691430
v -0.250816 0.354212 2.973048
v -0.197635 0.387274 2.973044
v -0.197597 0.354274 2.973047
v -0.197654 0.387238 2.691426
v -0.197615 0.354238 2.691429
v -0.359797 0.452505 1.370187
v -0.359788 0.452505 2.523405
v -0.303215 0.485505 2.523405
v -0.303215 0.452505 2.523405
v -0.303224 0.485505 1.370187
v -0.303224 0.452505 1.370187
v -0.213673 0.485505 1.370187
v -0.213666 0.485505 2.523405
v -0.213666 0.452505 2.523405
v -0.213673 0.452505 1.370187
v -0.264891 0.485505 1.370187
v -0.264891 0.452505 1.370187
v -0.264883 0.485505 2.523405
v -0.264882 0.452505 2.523405
v -0.173690 0.485506 2.523405
v -0.173697 0.485505 1.370187
v -0.173697 0.452505 1.370187
v -0.173690 0.452505 2.523405
v -0.119336 0.485506 2.523405
v -0.119336 0.452505 2.523405
v -0.119343 0.485505 1.370187
v -0.119342 0.452505 1.370187
v -0.019173 0.485505 1.370187
v -0.019168 0.485506 2.523406
v -0.019168 0.452506 2.523406
v -0.019173 0.452505 1.370187
v -0.078884 0.485505 1.370187
v -0.078883 0.452505 1.370187
v -0.078878 0.485506 2.523406
v -0.078878 0.452506 2.523406
v -0.040898 0.428394 2.691417
v -0.130979 0.428120 2.691421
v -0.197936 0.428037 2.691423
v -0.251160 0.427974 2.691424
v -0.251137 0.428011 2.973041
v -0.178575 0.428096 2.973040
v -0.050361 0.428395 2.973035
v -0.359798 0.526306 1.370187
v -0.303224 0.526306 1.370187
v -0.359788 0.526305 2.523405
v -0.284049 0.526305 2.523405
v -0.193678 0.526306 2.523405
v -0.099107 0.526306 2.523405
v -0.019168 0.526306 2.523406
v -0.049028 0.526306 1.370187
v -0.146520 0.526306 1.370187
v -0.239282 0.526306 1.370187
v -0.104807 0.526309 2.691397
v -0.284604 0.526309 2.691396
v -0.502352 0.526308 2.691396
v -0.377519 0.426951 2.691441
v -0.502395 0.526233 1.140966
v -0.212628 0.526305 1.140968
v -0.502374 0.526260 2.029004
v -0.502374 0.447422 2.029024
v -0.502461 0.447409 1.891604
v -0.503295 0.399057 1.891600
v -0.503382 0.399057 1.140981
v -1.187521 0.399071 1.891670
v -1.187521 0.399071 1.141054
v -0.621675 0.399057 1.140983
v -0.620676 0.619989 1.140961
v -0.642901 0.620684 -0.484400
v -0.636459 0.795620 -0.484398
v -0.620703 0.619948 0.391563
v -0.620703 0.619948 0.236425
v -1.229848 0.447165 2.029093
v -0.621695 0.399057 0.391586
v -1.187521 0.399072 0.391656
v -1.819607 1.200420 -0.549800
v -1.859803 1.252599 -0.549800
v -1.859803 1.252599 -0.398000
v -1.377114 0.795619 -0.398001
v -1.429902 0.846910 0.236426
v -1.429902 0.846910 0.391681
v -0.620737 0.846628 0.391565
v -0.620737 0.846628 0.236425
v -0.999935 0.795619 -0.484396
v -1.000005 0.795619 -0.397999
v -1.000003 1.252600 -0.398000
v -1.000003 1.000001 -0.484400
v -1.040351 1.200422 -0.549800
v -1.000003 1.252600 -0.549800
v -1.377114 0.795619 0.236425
v -0.636459 0.795620 0.236428
v -0.642901 0.620684 0.236425
v -1.229858 0.447152 1.891673
v 1.229856 0.447154 1.891673
v 0.642899 0.620686 0.236425
v 0.636456 0.795622 0.236427
v 1.377111 0.795622 0.236425
v 1.000000 1.252603 -0.549800
v 1.040347 1.200424 -0.549800
v 1.000000 1.000003 -0.484400
v 1.000000 1.252603 -0.398000
v 1.000002 0.795621 -0.397999
v 0.999932 0.795621 -0.484396
v 0.620734 0.846629 0.236425
v 0.620734 0.846629 0.391565
v 1.429899 0.846913 0.391681
v 1.429899 0.846913 0.236426
v 1.377111 0.795622 -0.398001
v 1.859799 1.252603 -0.398000
v 1.859799 1.252603 -0.549800
v 1.819603 1.200424 -0.549800
v 1.187519 0.399074 0.391656
v 0.621693 0.399059 0.391585
v 1.229846 0.447168 2.029093
v 0.620700 0.619950 0.236425
v 0.620700 0.619950 0.391563
v -0.000001 0.619950 -0.484400
v -0.000002 1.000003 -0.484400
v 0.636456 0.795622 -0.484398
v 0.642899 0.620686 -0.484400
v 0.620673 0.619990 1.140961
v 0.621673 0.399058 1.140982
v 1.187519 0.399074 1.141054
v 1.187519 0.399074 1.891670
v 0.503380 0.399058 1.140980
v 0.503293 0.399058 1.891600
v 0.502458 0.447410 1.891604
v 0.502371 0.447424 2.029024
v -0.000001 0.619990 1.140961
v 0.502371 0.526261 2.029004
v -0.000001 0.526303 1.140969
v 0.212625 0.526306 1.140968
v 0.502392 0.526234 1.140966
v 0.377516 0.426952 2.691441
v 0.502349 0.526309 2.691396
v 0.284601 0.526309 2.691396
v 0.104805 0.526309 2.691397
v 0.239280 0.526306 1.370187
v 0.146518 0.526306 1.370187
v 0.049026 0.526306 1.370187
v 0.019166 0.526306 2.523406
v 0.099105 0.526306 2.523406
v 0.193676 0.526306 2.523406
v 0.284046 0.526306 2.523405
v 0.359786 0.526306 2.523405
v 0.303222 0.526306 1.370187
v 0.359795 0.526307 1.370187
v -0.000001 0.429034 2.973024
v 0.050359 0.428395 2.973035
v 0.178573 0.428097 2.973040
v 0.251135 0.428012 2.973042
v 0.251158 0.427975 2.691424
v 0.197934 0.428037 2.691423
v 0.130977 0.428120 2.691422
v 0.040895 0.428394 2.691417
v 0.078876 0.452506 2.523406
v 0.078876 0.485506 2.523406
v 0.078881 0.452505 1.370187
v 0.078881 0.485506 1.370187
v 0.019171 0.452505 1.370187
v 0.019166 0.452506 2.523406
v 0.019166 0.485506 2.523406
v 0.019170 0.485505 1.370187
v 0.119340 0.452505 1.370187
v 0.119340 0.485506 1.370187
v 0.119334 0.452506 2.523406
v 0.119334 0.485506 2.523406
v 0.173688 0.452506 2.523406
v 0.173695 0.452505 1.370187
v 0.173695 0.485506 1.370187
v 0.173688 0.485506 2.523406
v 0.264880 0.452506 2.523405
v 0.264880 0.485506 2.523405
v 0.264888 0.452506 1.370187
v 0.264888 0.485506 1.370187
v 0.213671 0.452506 1.370187
v 0.213663 0.452506 2.523405
v 0.213663 0.485506 2.523405
v 0.213671 0.485506 1.370187
v 0.303222 0.452506 1.370187
v 0.303222 0.485506 1.370187
v 0.303213 0.452506 2.523405
v 0.303213 0.485506 2.523405
v 0.359786 0.452506 2.523405
v 0.359795 0.452506 1.370187
v 0.197613 0.354238 2.691429
v 0.197652 0.387238 2.691427
v 0.197595 0.354275 2.973047
v 0.197633 0.387275 2.973044
v 0.250814 0.354212 2.973048
v 0.250837 0.354175 2.691430
v 0.158905 0.354320 2.973046
v 0.158949 0.387320 2.973043
v 0.158920 0.354283 2.691428
v 0.158964 0.387284 2.691425
v 0.102383 0.354359 2.691427
v 0.102372 0.354395 2.973045
v 0.102416 0.387395 2.973042
v 0.102426 0.387359 2.691424
v 0.064394 0.354541 2.973042
v 0.064521 0.387540 2.973039
v 0.064403 0.354504 2.691425
v 0.064530 0.387504 2.691422
v 0.016571 0.354687 2.691422
v 0.016559 0.354724 2.973039
v 0.016686 0.387724 2.973037
v 0.016697 0.387687 2.691419
v 0.075124 0.084974 3.935167
v 0.075204 0.084910 3.324369
v 1.040352 1.000003 -0.549800
v 1.000000 1.000003 -0.549800
v 0.685036 0.967004 -0.705853
v 0.685036 0.967004 -0.719747
v 0.685036 0.967004 -0.810400
v 0.685036 0.967004 -0.615200
v 0.338212 0.967422 -0.615200
v 0.338251 0.967004 -0.705853
v 0.338251 0.967004 -0.810400
v 0.338251 0.967004 -0.719747
v 0.702101 0.967004 -0.810400
v 0.702101 0.967004 -0.719747
v 1.040352 0.967004 -0.615200
v 1.040352 0.967004 -0.705853
v 1.040352 0.967004 -0.810400
v 1.040352 0.967004 -0.719747
v 0.355316 0.967004 -0.810400
v 0.355316 0.967004 -0.719747
v 0.355316 0.967004 -0.705853
v 0.355326 0.967004 -0.615200
v 0.520176 1.000003 -0.615200
v 0.009526 0.967004 -0.810400
v 0.009526 0.967004 -0.719747
v 0.009526 0.967004 -0.705853
v 0.009506 0.967213 -0.615200
v -0.000002 1.000003 -0.615200
v 0.702101 0.967004 -0.615200
v 0.702101 0.967004 -0.705853
v 1.040352 1.000003 -0.615200
v 0.824746 0.968452 -0.615200
v 0.937199 0.969813 -0.615200
v 0.473802 0.972152 -0.615200
v 0.566560 0.972152 -0.615200
v 0.109432 0.969932 -0.615200
v 0.218744 0.968766 -0.615200
v 0.804851 0.967004 -0.615200
v 0.824851 0.967004 -0.615200
v 0.804851 0.967004 -0.810400
v 0.824851 0.967004 -0.810400
v 0.804851 0.967004 -0.705853
v 0.804851 0.967004 -0.719747
v 0.824851 0.967004 -0.719747
v 0.824851 0.967004 -0.705853
v 0.937602 0.967004 -0.615200
v 0.917602 0.967004 -0.615200
v 0.937602 0.967004 -0.705853
v 0.917602 0.967004 -0.705853
v 0.937602 0.967004 -0.810400
v 0.937602 0.967004 -0.719747
v 0.917602 0.967004 -0.719747
v 0.917602 0.967004 -0.810400
v 0.565130 0.967004 -0.810400
v 0.585130 0.967004 -0.810400
v 0.475223 0.967004 -0.810400
v 0.455223 0.967004 -0.810400
v 0.475223 0.967004 -0.719747
v 0.455223 0.967004 -0.719747
v 0.475223 0.967004 -0.705853
v 0.475230 0.967004 -0.615200
v 0.455230 0.967004 -0.615200
v 0.455223 0.967004 -0.705853
v 0.565133 0.967004 -0.615200
v 0.585133 0.967004 -0.615200
v 0.565130 0.967004 -0.705853
v 0.565130 0.967004 -0.719747
v 0.585130 0.967004 -0.719747
v 0.585130 0.967004 -0.705853
v 0.218676 0.967004 -0.810400
v 0.238676 0.967004 -0.810400
v 0.129101 0.967004 -0.810400
v 0.109101 0.967004 -0.810400
v 0.129075 0.967289 -0.615200
v 0.109075 0.967276 -0.615200
v 0.218644 0.967346 -0.615200
v 0.238644 0.967358 -0.615200
v 0.218676 0.967004 -0.705853
v 0.218676 0.967004 -0.719747
v 0.238676 0.967004 -0.719747
v 0.238676 0.967004 -0.705853
v 0.129101 0.967004 -0.719747
v 0.129101 0.967004 -0.705853
v 0.109101 0.967004 -0.705853
v 0.109101 0.967004 -0.719747
v 0.923480 1.381814 -0.840399
v 1.910299 1.381814 -0.840399
v 0.923480 1.381814 -0.810400
v 1.040347 1.200424 -0.810400
v 1.910299 1.381814 -0.810400
v 1.819603 1.200424 -0.810400
v 0.253336 0.285966 3.324370
v 0.253343 0.285959 3.264324
v -0.000001 0.286115 3.324346
v 0.253351 0.285953 3.125077
v 0.377424 0.427026 3.125078
v 0.251616 0.427707 3.125067
v -0.000001 0.429071 3.125043
v 0.125808 0.428389 3.125055
v 0.193980 0.132305 3.264331
v 0.193988 0.132302 3.125083
v 0.193977 0.194756 3.125081
v 0.193970 0.194760 3.264328
v 0.193996 0.082826 3.125086
v 0.193989 0.082828 3.264333
v 0.193999 0.020373 3.264336
v 0.194007 0.020372 3.125088
v 0.218607 0.020376 3.125090
v 0.120239 0.226620 3.125069
v 0.120235 0.226626 3.264316
v 0.176768 0.226605 3.264319
v 0.176774 0.226598 3.125072
v 0.075449 0.226642 3.264313
v 0.075453 0.226636 3.125067
v 0.018918 0.226657 3.125064
v 0.018916 0.226663 3.264311
v 0.253413 0.070314 3.125094
v 0.218596 0.082830 3.125087
v 0.218588 0.132306 3.125085
v 0.253377 0.194770 3.125085
v 0.018927 0.251257 3.125062
v 0.176803 0.285998 3.125069
v 0.120249 0.251219 3.125068
v 0.075462 0.251236 3.125065
v 0.053198 0.286071 3.125059
v 0.218599 0.020378 3.264337
v 0.253399 0.091188 3.264339
v 0.218589 0.082832 3.264334
v 0.218580 0.132310 3.264332
v 0.253370 0.194774 3.264332
v 0.176798 0.286004 3.264316
v 0.120244 0.251226 3.264315
v 0.018925 0.251263 3.264310
v 0.075458 0.251242 3.264313
v 0.076546 0.286063 3.264308
v 0.000000 -0.190805 3.286637
v -0.073015 -0.176281 3.286637
v -0.134916 -0.134923 3.286637
v -0.176277 -0.073024 3.286637
v -0.190804 -0.000010 3.286637
v -0.176284 0.073007 3.286637
v -0.134928 0.134909 3.286637
v -0.073032 0.176273 3.286637
v -0.000018 0.190803 3.286637
v 0.072999 0.176287 3.286637
v 0.134903 0.134934 3.286637
v 0.176271 0.073039 3.286637
v 0.190804 0.000026 3.286637
v 0.176291 -0.072992 3.286637
v 0.134941 -0.134898 3.286637
v 0.073048 -0.176268 3.286637
v 0.000000 -0.190805 3.390783
v -0.073015 -0.176281 3.390783
v -0.134916 -0.134923 3.390783
v -0.176277 -0.073024 3.390783
v -0.190804 -0.000010 3.390783
v -0.176284 0.073007 3.390783
v -0.134928 0.134909 3.390783
v -0.073032 0.176273 3.390783
v -0.000018 0.190803 3.390783
v 0.072999 0.176287 3.390783
v 0.134903 0.134934 3.390783
v 0.176271 0.073039 3.390783
v 0.190804 0.000026 3.390783
v 0.176291 -0.072992 3.390783
v 0.134941 -0.134898 3.390783
v 0.073048 -0.176268 3.390783
v 0.000000 -0.190805 3.436637
v -0.073015 -0.176281 3.436637
v -0.134916 -0.134923 3.436637
v -0.176277 -0.073024 3.436637
v -0.190804 -0.000010 3.436637
v -0.176284 0.073007 3.436637
v -0.134928 0.134909 3.436637
v -0.073032 0.176273 3.436637
v -0.000018 0.190803 3.436637
v 0.072999 0.176287 3.436637
v 0.134903 0.134934 3.436637
v 0.176271 0.073039 3.436637
v 0.190804 0.000026 3.436637
v 0.176291 -0.072992 3.436637
v 0.134941 -0.134898 3.436637
v 0.073048 -0.176268 3.436637
v 0.073048 -0.176268 3.540783
v 0.134941 -0.134898 3.540783
v 0.176291 -0.072992 3.540783
v 0.190804 0.000026 3.540783
v 0.176271 0.073039 3.540783
v 0.134903 0.134934 3.540783
v 0.072999 0.176287 3.540783
v -0.000018 0.190803 3.540783
v -0.073032 0.176273 3.540783
v -0.134928 0.134909 3.540783
v -0.176284 0.073007 3.540783
v -0.190804 -0.000010 3.540783
v -0.176277 -0.073024 3.540783
v -0.134916 -0.134923 3.540783
v -0.073015 -0.176281 3.540783
v 0.000000 -0.190805 3.540783
v 0.000000 -0.190805 3.586637
v -0.073015 -0.176282 3.586637
v -0.134916 -0.134923 3.586637
v -0.176277 -0.073024 3.586637
v -0.190804 -0.000010 3.586637
v -0.176284 0.073007 3.586637
v -0.134928 0.134909 3.586637
v -0.073032 0.176273 3.586637
v -0.000018 0.190803 3.586637
v 0.072999 0.176287 3.586637
v 0.134903 0.134934 3.586637
v 0.176271 0.073039 3.586637
v 0.190804 0.000026 3.586637
v 0.176291 -0.072992 3.586637
v 0.134941 -0.134898 3.586637
v 0.073048 -0.176268 3.586637
v 0.073048 -0.176268 3.690783
v 0.134941 -0.134898 3.690783
v 0.176291 -0.072992 3.690783
v 0.190804 0.000026 3.690783
v 0.176271 0.073039 3.690783
v 0.134903 0.134934 3.690783
v 0.072999 0.176287 3.690783
v -0.000018 0.190803 3.690783
v -0.073032 0.176273 3.690783
v -0.134928 0.134909 3.690783
v -0.176284 0.073006 3.690783
v -0.190804 -0.000010 3.690783
v -0.176277 -0.073024 3.690783
v -0.134916 -0.134923 3.690783
v -0.073015 -0.176282 3.690783
v 0.000000 -0.190805 3.690783
# 2022 vertices, 0 vertices normals

f 765 768 767 766
f 5 8 7 6
f 376 373 374 375
f 56 53 54 55
f 10 9 2 1
f 14 13 10 1
f 14 1 20 19
f 6 7 24 1
f 1 24 23 20
f 4 12 11 3
f 21 3 17 22
f 11 16 15 3
f 15 18 17 3
f 3 21 8 5
f 9 12 4 2
f 9 10 11 12
f 10 13 16 11
f 22 17 20 23
f 24 21 22 23
f 16 13 14 15
f 18 15 14 19
f 24 7 8 21
f 20 17 18 19
f 3 5 6 1
f 1 2 4 3
f 55 54 49 72
f 72 49 68 71
f 61 62 49 58
f 57 58 49 50
f 49 62 67 68
f 51 69 70 65
f 69 51 53 56
f 60 52 51 59
f 66 63 51 65
f 64 59 51 63
f 61 64 63 62
f 63 66 67 62
f 55 72 69 56
f 65 68 67 66
f 60 57 50 52
f 58 57 60 59
f 65 70 71 68
f 61 58 59 64
f 69 72 71 70
f 53 51 49 54
f 50 49 51 52
f 381 382 369 378
f 377 378 369 370
f 369 382 387 388
f 375 374 369 392
f 392 369 388 391
f 380 372 371 379
f 386 383 371 385
f 384 379 371 383
f 371 389 390 385
f 389 371 373 376
f 380 377 370 372
f 378 377 380 379
f 385 390 391 388
f 381 378 379 384
f 389 392 391 390
f 381 384 383 382
f 383 386 387 382
f 375 392 389 376
f 385 388 387 386
f 373 371 369 374
f 370 369 371 372
f 766 767 784 761
f 761 784 783 780
f 774 773 770 761
f 770 769 762 761
f 774 761 780 779
f 781 763 777 782
f 763 781 768 765
f 764 772 771 763
f 775 778 777 763
f 771 776 775 763
f 776 773 774 775
f 778 775 774 779
f 784 767 768 781
f 780 777 778 779
f 769 772 764 762
f 769 770 771 772
f 782 777 780 783
f 770 773 776 771
f 784 781 782 783
f 763 765 766 761
f 761 762 764 763
f 41 46 25 42
f 25 36 35 40
f 40 39 42 25
f 46 45 26 25
f 30 31 36 25
f 27 33 32 29
f 43 38 37 27
f 47 44 43 27
f 47 27 28 48
f 33 27 37 34
f 48 45 46 47
f 46 41 44 47
f 34 37 40 35
f 36 31 32 33
f 44 41 42 43
f 36 33 34 35
f 26 45 48 28
f 38 43 42 39
f 40 37 38 39
f 25 26 28 27
f 27 29 30 25
f 400 397 398 399
f 29 32 31 30
f 789 792 791 790
f 926 927 928 925
f 80 77 78 79
f 119 118 117 120
f 94 89 90 73
f 87 88 73 90
f 84 73 88 83
f 93 94 73 74
f 79 78 73 84
f 81 75 77 80
f 86 91 75 85
f 92 95 75 91
f 75 81 82 85
f 75 95 96 76
f 93 96 95 94
f 85 82 83 88
f 89 94 95 92
f 79 84 81 80
f 89 92 91 90
f 81 84 83 82
f 93 74 76 96
f 91 86 87 90
f 85 88 87 86
f 74 73 75 76
f 77 75 73 78
f 102 97 101 103
f 120 117 97 102
f 98 113 112 97
f 111 101 97 112
f 99 98 97 100
f 104 116 115 107
f 106 105 104 107
f 116 104 118 119
f 104 109 108 110
f 114 109 104 105
f 99 100 110 108
f 113 98 109 114
f 99 108 109 98
f 105 106 111 112
f 113 114 105 112
f 116 102 103 115
f 107 115 103 101
f 107 101 111 106
f 120 102 116 119
f 118 104 97 117
f 100 97 104 110
f 413 414 393 394
f 399 398 393 404
f 414 409 410 393
f 407 408 393 410
f 404 393 408 403
f 395 401 402 405
f 395 415 416 396
f 401 395 397 400
f 406 411 395 405
f 412 415 395 411
f 401 404 403 402
f 413 394 396 416
f 411 406 407 410
f 405 408 407 406
f 413 416 415 414
f 405 402 403 408
f 409 414 415 412
f 399 404 401 400
f 409 412 411 410
f 394 393 395 396
f 397 395 393 398
f 801 806 785 802
f 800 799 802 785
f 785 796 795 800
f 806 805 786 785
f 790 791 796 785
f 787 793 792 789
f 803 798 797 787
f 807 804 803 787
f 793 787 797 794
f 807 787 788 808
f 808 805 806 807
f 794 797 800 795
f 806 801 804 807
f 796 791 792 793
f 804 801 802 803
f 796 793 794 795
f 786 805 808 788
f 798 803 802 799
f 800 797 798 799
f 785 786 788 787
f 787 789 790 785
f 925 928 910 905
f 905 910 911 909
f 906 907 908 905
f 909 919 920 905
f 921 906 905 920
f 913 914 915 912
f 924 912 915 923
f 917 922 913 912
f 917 912 918 916
f 912 924 927 926
f 906 921 922 917
f 908 907 916 918
f 922 921 920 913
f 914 913 920 919
f 916 907 906 917
f 909 915 914 919
f 910 928 927 924
f 910 924 923 911
f 923 915 909 911
f 905 908 918 912
f 912 926 925 905
f 678 677 674 673
f 678 679 680 677
f 669 672 667 666
f 662 661 658 657
f 662 663 664 661
f 653 656 651 650
f 646 645 642 641
f 646 647 648 645
f 637 640 635 634
f 630 629 626 625
f 630 631 632 629
f 621 624 619 618
f 614 613 610 609
f 614 615 616 613
f 605 608 603 602
f 598 597 594 593
f 598 599 600 597
f 589 592 587 586
f 582 581 578 577
f 582 583 584 581
f 573 576 571 570
f 566 565 562 561
f 566 567 568 565
f 557 560 555 554
f 550 549 546 545
f 550 551 552 549
f 541 544 539 538
f 534 533 530 529
f 534 535 536 533
f 525 528 523 522
f 518 517 520 519
f 518 515 516 517
f 288 285 282 283
f 277 278 273 274
f 279 278 277 280
f 272 269 266 267
f 261 262 257 258
f 263 262 261 264
f 256 253 250 251
f 245 246 241 242
f 247 246 245 248
f 240 237 234 235
f 229 230 225 226
f 231 230 229 232
f 224 221 218 219
f 213 214 209 210
f 215 214 213 216
f 208 205 202 203
f 197 198 193 194
f 199 198 197 200
f 192 189 186 187
f 181 182 177 178
f 183 182 181 184
f 176 173 170 171
f 165 166 161 162
f 167 166 165 168
f 160 157 154 155
f 149 150 145 146
f 151 150 149 152
f 144 141 138 139
f 133 134 129 130
f 135 134 133 136
f 124 125 128 121
f 121 128 127 122
f 123 124 121 122
f 134 135 132 129
f 139 138 137 140
f 143 144 139 140
f 150 151 148 145
f 155 154 153 156
f 159 160 155 156
f 166 167 164 161
f 171 170 169 172
f 175 176 171 172
f 182 183 180 177
f 187 186 185 188
f 191 192 187 188
f 198 199 196 193
f 203 202 201 204
f 207 208 203 204
f 214 215 212 209
f 219 218 217 220
f 223 224 219 220
f 230 231 228 225
f 235 234 233 236
f 239 240 235 236
f 246 247 244 241
f 251 250 249 252
f 255 256 251 252
f 262 263 260 257
f 267 266 265 268
f 271 272 267 268
f 278 279 276 273
f 283 282 281 284
f 287 288 283 284
f 515 518 519 514
f 522 523 524 521
f 528 527 524 523
f 535 534 529 532
f 538 539 540 537
f 544 543 540 539
f 551 550 545 548
f 554 555 556 553
f 560 559 556 555
f 567 566 561 564
f 570 571 572 569
f 576 575 572 571
f 583 582 577 580
f 586 587 588 585
f 592 591 588 587
f 599 598 593 596
f 602 603 604 601
f 608 607 604 603
f 615 614 609 612
f 618 619 620 617
f 624 623 620 619
f 631 630 625 628
f 634 635 636 633
f 640 639 636 635
f 647 646 641 644
f 650 651 652 649
f 656 655 652 651
f 663 662 657 660
f 666 667 668 665
f 672 671 668 667
f 679 678 673 676
f 680 679 676 675
f 674 675 676 673
f 671 670 665 668
f 664 663 660 659
f 658 659 660 657
f 655 654 649 652
f 648 647 644 643
f 642 643 644 641
f 639 638 633 636
f 632 631 628 627
f 626 627 628 625
f 623 622 617 620
f 616 615 612 611
f 610 611 612 609
f 607 606 601 604
f 600 599 596 595
f 594 595 596 593
f 591 590 585 588
f 584 583 580 579
f 578 579 580 577
f 575 574 569 572
f 568 567 564 563
f 562 563 564 561
f 559 558 553 556
f 552 551 548 547
f 546 547 548 545
f 543 542 537 540
f 536 535 532 531
f 530 531 532 529
f 527 526 521 524
f 516 515 514 513
f 520 513 514 519
f 286 287 284 281
f 279 280 275 276
f 275 274 273 276
f 270 271 268 265
f 263 264 259 260
f 259 258 257 260
f 254 255 252 249
f 247 248 243 244
f 243 242 241 244
f 238 239 236 233
f 231 232 227 228
f 227 226 225 228
f 222 223 220 217
f 215 216 211 212
f 211 210 209 212
f 206 207 204 201
f 199 200 195 196
f 195 194 193 196
f 190 191 188 185
f 183 184 179 180
f 179 178 177 180
f 174 175 172 169
f 167 168 163 164
f 163 162 161 164
f 158 159 156 153
f 151 152 147 148
f 147 146 145 148
f 142 143 140 137
f 135 136 131 132
f 131 130 129 132
f 126 123 122 127
f 123 126 125 124
f 125 126 127 128
f 136 133 130 131
f 143 142 141 144
f 141 142 137 138
f 152 149 146 147
f 159 158 157 160
f 157 158 153 154
f 168 165 162 163
f 175 174 173 176
f 173 174 169 170
f 184 181 178 179
f 191 190 189 192
f 189 190 185 186
f 200 197 194 195
f 207 206 205 208
f 205 206 201 202
f 216 213 210 211
f 223 222 221 224
f 221 222 217 218
f 232 229 226 227
f 239 238 237 240
f 237 238 233 234
f 248 245 242 243
f 255 254 253 256
f 253 254 249 250
f 264 261 258 259
f 271 270 269 272
f 269 270 265 266
f 280 277 274 275
f 287 286 285 288
f 285 286 281 282
f 517 516 513 520
f 526 527 528 525
f 526 525 522 521
f 533 536 531 530
f 542 543 544 541
f 542 541 538 537
f 549 552 547 546
f 558 559 560 557
f 558 557 554 553
f 565 568 563 562
f 574 575 576 573
f 574 573 570 569
f 581 584 579 578
f 590 591 592 589
f 590 589 586 585
f 597 600 595 594
f 606 607 608 605
f 606 605 602 601
f 613 616 611 610
f 622 623 624 621
f 622 621 618 617
f 629 632 627 626
f 638 639 640 637
f 638 637 634 633
f 645 648 643 642
f 654 655 656 653
f 654 653 650 649
f 661 664 659 658
f 670 671 672 669
f 670 669 666 665
f 677 680 675 674
f 760 759 753 756
f 750 749 747 746
f 750 751 752 749
f 744 743 737 740
f 734 733 731 730
f 734 735 736 733
f 728 727 721 724
f 718 717 715 714
f 718 719 720 717
f 712 711 705 708
f 702 701 699 698
f 702 703 704 701
f 696 695 689 692
f 685 686 688 687
f 685 684 683 686
f 368 365 363 364
f 358 359 353 354
f 355 354 353 356
f 352 349 347 348
f 342 343 337 338
f 339 338 337 340
f 336 333 331 332
f 326 327 321 322
f 323 322 321 324
f 320 317 315 316
f 310 311 305 306
f 307 306 305 308
f 304 301 299 300
f 293 292 290 295
f 296 295 290 289
f 292 291 289 290
f 303 302 301 304
f 301 302 298 299
f 311 312 308 305
f 319 318 317 320
f 317 318 314 315
f 327 328 324 321
f 335 334 333 336
f 333 334 330 331
f 343 344 340 337
f 351 350 349 352
f 349 350 346 347
f 359 360 356 353
f 367 366 365 368
f 365 366 362 363
f 686 683 681 688
f 690 691 692 689
f 695 694 690 689
f 701 704 700 699
f 706 707 708 705
f 711 710 706 705
f 717 720 716 715
f 722 723 724 721
f 727 726 722 721
f 733 736 732 731
f 738 739 740 737
f 743 742 738 737
f 749 752 748 747
f 754 755 756 753
f 759 758 754 753
f 757 760 756 755
f 751 750 746 745
f 746 747 748 745
f 741 744 740 739
f 735 734 730 729
f 730 731 732 729
f 725 728 724 723
f 719 718 714 713
f 714 715 716 713
f 709 712 708 707
f 703 702 698 697
f 698 699 700 697
f 693 696 692 691
f 684 685 687 682
f 687 688 681 682
f 367 368 364 361
f 357 358 354 355
f 359 358 357 360
f 351 352 348 345
f 341 342 338 339
f 343 342 341 344
f 335 336 332 329
f 325 326 322 323
f 327 326 325 328
f 319 320 316 313
f 309 310 306 307
f 311 310 309 312
f 303 304 300 297
f 294 293 295 296
f 292 293 294 291
f 291 294 296 289
f 299 298 297 300
f 302 303 297 298
f 312 309 307 308
f 315 314 313 316
f 318 319 313 314
f 328 325 323 324
f 331 330 329 332
f 334 335 329 330
f 344 341 339 340
f 347 346 345 348
f 350 351 345 346
f 360 357 355 356
f 363 362 361 364
f 366 367 361 362
f 683 684 682 681
f 694 695 696 693
f 694 693 691 690
f 704 703 697 700
f 710 711 712 709
f 710 709 707 706
f 720 719 713 716
f 726 727 728 725
f 726 725 723 722
f 736 735 729 732
f 742 743 744 741
f 742 741 739 738
f 752 751 745 748
f 758 759 760 757
f 758 757 755 754
f 440 417 436 439
f 429 430 417 426
f 417 430 435 436
f 425 426 417 418
f 423 422 417 440
f 437 419 421 424
f 419 433 434 431
f 419 427 428 420
f 419 437 438 433
f 432 427 419 431
f 429 432 431 430
f 431 434 435 430
f 425 418 420 428
f 425 428 427 426
f 433 436 435 434
f 423 440 437 424
f 433 438 439 436
f 429 426 427 432
f 437 440 439 438
f 421 419 417 422
f 418 417 419 420
f 813 816 815 814
f 424 421 422 423
f 822 821 818 809
f 809 832 831 828
f 822 809 828 827
f 818 817 810 809
f 814 815 832 809
f 811 829 816 813
f 825 811 823 826
f 829 811 825 830
f 819 811 812 820
f 819 824 823 811
f 824 821 822 823
f 826 823 822 827
f 810 817 820 812
f 820 817 818 819
f 828 825 826 827
f 832 815 816 829
f 818 821 824 819
f 830 825 828 831
f 832 829 830 831
f 811 813 814 809
f 809 810 812 811
f 441 458 455 456
f 461 462 441 442
f 447 446 441 452
f 452 441 456 451
f 457 458 441 462
f 443 463 464 444
f 443 449 450 453
f 460 463 443 459
f 449 443 445 448
f 443 453 454 459
f 457 460 459 458
f 447 452 449 448
f 453 450 451 456
f 457 462 463 460
f 461 464 463 462
f 453 456 455 454
f 459 454 455 458
f 461 442 444 464
f 449 452 451 450
f 445 443 441 446
f 442 441 443 444
f 448 445 446 447
f 837 840 839 838
f 838 839 844 833
f 854 853 834 833
f 850 833 848 847
f 833 844 843 848
f 850 849 854 833
f 855 852 851 835
f 855 835 836 856
f 841 835 845 842
f 845 835 851 846
f 835 841 840 837
f 856 853 854 855
f 842 845 848 843
f 854 849 852 855
f 844 839 840 841
f 852 849 850 851
f 844 841 842 843
f 834 853 856 836
f 846 851 850 847
f 848 845 846 847
f 833 834 836 835
f 835 837 838 833
f 488 485 465 470
f 467 466 465 468
f 481 480 465 466
f 470 465 469 471
f 465 480 479 469
f 474 484 483 473
f 474 477 476 478
f 482 477 474 475
f 474 473 472 475
f 484 474 486 487
f 481 466 477 482
f 473 483 471 469
f 473 469 479 472
f 467 476 477 466
f 467 468 478 476
f 475 472 479 480
f 481 482 475 480
f 468 465 474 478
f 486 474 465 485
f 878 879 880 877
f 487 486 485 488
f 484 470 471 483
f 488 470 484 487
f 872 857 861 871
f 872 873 858 857
f 857 862 863 861
f 858 859 860 857
f 877 880 862 857
f 866 876 879 878
f 865 866 867 864
f 869 874 867 866
f 876 866 865 875
f 869 866 870 868
f 874 873 872 867
f 864 867 872 871
f 860 859 868 870
f 868 859 858 869
f 861 865 864 871
f 858 873 874 869
f 875 865 861 863
f 866 878 877 857
f 857 860 870 866
f 862 876 875 863
f 862 880 879 876
f 902 901 900 899
f 896 895 890 889
f 890 891 892 889
f 886 883 881 888
f 510 511 506 507
f 511 510 509 512
f 504 501 500 497
f 494 493 495 496
f 493 494 491 492
f 491 494 496 489
f 499 498 497 500
f 503 504 497 498
f 509 510 507 508
f 886 885 884 883
f 885 886 888 887
f 893 896 889 892
f 902 903 904 901
f 903 902 899 898
f 901 904 897 900
f 895 894 891 890
f 894 895 896 893
f 883 884 882 881
f 511 512 505 506
f 507 506 505 508
f 501 502 499 500
f 493 492 490 495
f 496 495 490 489
f 492 491 489 490
f 503 502 501 504
f 502 503 498 499
f 512 509 508 505
f 887 888 881 882
f 884 885 887 882
f 894 893 892 891
f 898 899 900 897
f 904 903 898 897
f 1426 1424 931 929
f 929 931 930
f 929 930 932 933
f 1407 1424 1425 1404
f 1426 1425 1424
f 1425 1426 1422 1423
f 931 948 951 930
f 933 932 954 953
f 1422 1402 1401 1423
f 934 935 936 937
f 936 959 958 938
f 1918 937 938 1917
f 1894 1921 1920 1891
f 1896 1919 1917 1897
f 1920 1921 1918 1919
f 936 938 937
f 934 961 964 935
f 1919 1918 1917
f 1916 1447 1451 1912
f 1916 1913 1888 1890
f 1450 1460 1463 1449
f 1415 1416 1412
f 1416 1413 1389 1390
f 1389 1413 1386 1388
f 942 967 968 970
f 942 939 965 967
f 1416 939 943 1412
f 956 957 960 946
f 944 947 946 945
f 940 943 939
f 947 956 946
f 968 969 947 944
f 1413 1416 1415 1414
f 1448 1458 1457 1451
f 1450 1474 1475 1476
f 969 1887 1911 1908
f 1910 1911 1893 1892
f 1903 1913 1914 1900
f 1908 1911 1910 1909
f 1913 1916 1915 1914
f 1905 1915 1912 1906
f 1898 1899 1909 1895
f 1473 1447 1916 1890 1889
f 1888 1913 1886 1887
f 1450 1447 1473 1474
f 1447 1450 1449 1448
f 1405 1415 1412 1406
f 939 1416 1390 966 965
f 940 950 949 943
f 939 942 941 940
f 942 952 955 941
f 944 945 963 962
f 1908 1899 956 947
f 944 970 968
f 969 1908 947
f 1411 1388 1386
f 1403 1413 1414 1400
f 1448 1451 1447
f 1911 1887 1886
f 1908 1909 1899
f 1915 1916 1912
f 1893 1911 1921 1894
f 1625 1586 1585 1624
f 1441 1461 1460 1450
f 1568 1567 1294 1293
f 1269 1231 1233 1270
f 1294 1064 1065 1293
f 944 962 961 934
f 1122 1083 1082 1121
f 1568 1293 1065 1792
f 1275 1236 1237 1276
f 1452 1470 1469 1442
f 1700 1705 1706 1697
f 1774 1735 1736 1775
f 1793 1567 1568 1792
f 1768 1729 1731 1769
f 1630 1592 1591 1628
f 1393 1411 1421 1394
f 1204 1207 1208 1201
f 1128 1089 1088 1126
f 1793 1792 1065 1064
f 933 953 952 942
f 1154 1159 1162 1153
f 1265 1266 1268 1267
f 1402 1422 1413 1403
f 1595 1596 1594 1593
f 1652 1655 1658 1651
f 1902 1922 1913 1903
f 933 973 971 929
f 971 1426 929
f 1384 1422 1426 971
f 1386 1413 1422 1385
f 933 972 973
f 942 970 972 933
f 1422 1384 1385
f 974 937 1918
f 973 972 934
f 974 1918 1921 1883
f 1883 1921 1884
f 937 974 973 934
f 934 972 970 944
f 1884 1921 1911 1886
f 1478 1567 1793 1883 1885
f 1064 1294 1384 971 973
f 1478 1383 1384 1294 1567
f 973 974 1883 1793 1064
f 1786 1787 1791 1788
f 1775 1736 1771 1770
f 1738 1783 1779
f 1720 1721 1738 1737
f 1738 1721 1739
f 1639 1624 1623
f 1573 1574 1572 1569
f 1240 1292 1288
f 1237 1238 1272
f 1222 1238 1237
f 1119 1118 1136
f 1119 1078 1074
f 1121 1082 1087 1086
f 1070 1071 1069 1066
f 1119 1074 1070 1118
f 1136 1137 1120 1119
f 1223 1136 1118 1240
f 1641 1640 1216 1215
f 1222 1223 1239 1238
f 1284 1239 1240 1288
f 1287 1288 1292 1289
f 1621 1573 1569
f 1639 1640 1641 1624
f 1721 1638 1621 1739
f 1783 1738 1739 1787
f 1139 1138 1145 1146
f 1739 1621 1569 1791
f 1771 1737 1738 1779
f 1622 1621 1638
f 1624 1589 1623
f 1624 1585 1590 1589
f 1279 1280 1284 1281
f 1272 1238 1239 1280
f 1221 1222 1237 1220
f 1137 1121 1120
f 1137 1138 1139 1121
f 1120 1086 1078 1119
f 1240 1118 1066 1292
f 1078 1079 1077 1074
f 1118 1070 1066
f 1121 1086 1120
f 1719 1718 1146 1145
f 1239 1223 1240
f 1239 1284 1280
f 1276 1237 1272 1271
f 1622 1577 1573 1621
f 1720 1737 1736
f 1719 1720 1736 1718
f 1736 1737 1771
f 1739 1791 1787
f 1778 1779 1783 1780
f 1221 1220 1215 1216
f 1235 1236 1274
f 1234 1286 1291
f 1124 1072 1075
f 1122 1084 1085 1083
f 1067 1068 1073 1072
f 1124 1075 1080 1123
f 1234 1283 1286
f 1282 1283 1278 1277
f 1290 1291 1286 1285
f 1235 1274 1278
f 1124 1067 1072
f 1123 1084 1122
f 1075 1076 1081 1080
f 1123 1080 1084
f 1125 1234 1291 1067 1124
f 1283 1234 1235 1278
f 1236 1275 1273 1274
f 1229 1263 1256
f 1132 1111 1116 1131
f 1130 1095 1100 1129
f 1111 1112 1117 1116
f 1095 1096 1101 1100
f 1129 1100 1090
f 1131 1116 1106
f 1247 1227 1228 1242
f 1263 1229 1230 1258
f 1246 1247 1242 1241
f 1262 1263 1258 1257
f 1231 1269 1267 1268
f 1251 1252 1256 1253
f 1230 1231 1268
f 1252 1228 1229 1256
f 1227 1247 1111 1132
f 1130 1102 1095
f 1128 1090 1091 1089
f 1106 1107 1105 1102
f 1129 1090 1128
f 1131 1106 1102 1130
f 1228 1252 1242
f 1230 1268 1258
f 1225 1250 1255
f 1127 1092 1098 1135
f 1134 1108 1114 1133
f 1114 1115 1113 1110
f 1098 1099 1097 1094
f 1126 1092 1127
f 1134 1103 1108
f 1266 1232 1224 1260
f 1250 1225 1226 1244
f 1243 1244 1248 1245
f 1259 1260 1264 1261
f 1270 1233 1266 1265
f 1254 1255 1250 1249
f 1233 1232 1266
f 1264 1224 1225 1255
f 1135 1098 1094
f 1133 1114 1110
f 1126 1088 1093 1092
f 1103 1104 1109 1108
f 1226 1133 1110 1248
f 1135 1094 1103 1134
f 1224 1264 1260
f 1226 1248 1244
f 1228 1227 1223
f 1224 1232 1219 1218
f 1217 1219 1233 1231
f 1136 1130 1129 1137
f 1142 1141 1134 1133
f 1136 1223 1227 1132
f 1131 1136 1132
f 1140 1126 1127
f 1226 1142 1133
f 1229 1223 1222 1230
f 1219 1232 1233
f 1223 1229 1228
f 1225 1224 1218
f 1128 1143 1138
f 1134 1141 1135
f 1136 1131 1130
f 1129 1128 1138 1137
f 1127 1135 1141 1140
f 1140 1143 1128 1126
f 1231 1221 1217
f 1218 1142 1226 1225
f 1231 1230 1222 1221
f 1139 968 1122 1121
f 1124 965 966 1125
f 1388 1220 1237 1236
f 1389 1235 1234 1390
f 1390 1234 1125 966
f 1123 967 965 1124
f 968 967 1123 1122
f 1389 1388 1236 1235
f 1207 1219 1211 1208
f 1144 1141 1142
f 1218 1219 1207 1144
f 1218 1144 1142
f 1140 1141 1144 1154
f 1140 1154 1153 1150
f 1718 1887 969 1146
f 968 1139 1146 969
f 1717 1714 1712 1711
f 1145 1147 1712
f 1150 1149 1148 1140
f 1714 1719 1145 1712
f 1147 1143 1140 1148
f 1138 1143 1147 1145
f 1710 1709 1717 1711
f 1159 1154 1144 1427
f 1204 1203 1158 1427
f 1160 1158 1155 1180
f 1160 1159 1427 1158
f 1207 1204 1427 1144
f 1158 1203 1183 1206
f 1645 1644 1642 1646
f 1216 1645 1214
f 1219 1217 1214 1213
f 1640 1644 1645 1216
f 1217 1221 1216 1214
f 1212 1211 1219 1213
f 1648 1647 1646 1642
f 1475 1387 1455 1452
f 1464 1465 1468 1454
f 1408 1409 1399
f 1387 1388 1411 1408
f 1411 1393 1392 1410
f 1452 1455 1454 1453
f 1452 1476 1475
f 1470 1452 1453 1471
f 1408 1411 1410 1409
f 1464 1455 1408 1399
f 1387 1408 1455
f 1398 1399 1409 1395
f 1455 1464 1454
f 1475 1641 1215 1387
f 1220 1388 1387 1215
f 1385 1421 1411 1386
f 1383 1418 1421 1384
f 1478 1477 1442
f 1445 1383 1478 1442
f 1384 1421 1385
f 1445 1418 1383
f 1442 1477 1476 1452
f 1444 1467 1466 1446
f 1419 1418 1417
f 1446 1417 1418 1445
f 1394 1421 1420 1391
f 1442 1469 1472 1443
f 1420 1421 1418 1419
f 1396 1419 1417 1397
f 1444 1446 1445
f 1442 1443 1444 1445
f 1655 1652 1713 1436
f 1700 1699 1701 1436
f 1701 1699 1679 1704
f 1656 1655 1436 1701
f 1705 1700 1436 1713
f 1656 1701 1653 1676
f 1642 1643 1713 1652
f 1642 1652 1651 1648
f 1713 1715 1716
f 1716 1717 1705 1713
f 1643 1715 1713
f 1705 1717 1709 1706
f 1461 1441 1440 1462
f 1439 1456 1459 1438
f 1925 1926 1922 1923
f 1907 1924 1925 1904
f 1926 1925 1924
f 1923 1922 1902 1901
f 1437 1438 1440 1441
f 1437 1439 1438
f 1439 1437 1926 1924
f 1883 1922 1926 1885
f 1441 1477 1478
f 1886 1913 1922 1884
f 1885 1926 1437
f 1450 1476 1477 1441
f 1441 1478 1885 1437
f 1922 1883 1884
f 1781 1782 1777 1776
f 1734 1773 1777
f 1570 1627 1732 1733 1790
f 1626 1583 1587
f 1570 1571 1576 1575
f 1626 1587 1625
f 1627 1570 1575
f 1782 1733 1734 1777
f 1734 1735 1773
f 1733 1785 1790
f 1627 1578 1583 1626
f 1586 1625 1587 1588
f 1578 1579 1584 1583
f 1627 1575 1578
f 1733 1782 1785
f 1773 1735 1774 1772
f 1789 1790 1785 1784
f 1623 1589 1581 1622
f 1622 1581 1577
f 1638 1639 1623 1622
f 1581 1582 1580 1577
f 1767 1729 1768 1766
f 1750 1751 1755 1752
f 1728 1729 1767
f 1751 1726 1727 1755
f 1634 1614 1619 1633
f 1632 1598 1603 1631
f 1614 1615 1620 1619
f 1598 1599 1604 1603
f 1631 1603 1593
f 1633 1619 1609
f 1726 1751 1741
f 1728 1767 1757
f 1727 1762 1755
f 1614 1634 1725 1746
f 1632 1605 1598
f 1592 1630 1593 1594
f 1609 1610 1608 1605
f 1631 1593 1630
f 1633 1609 1605 1632
f 1746 1725 1726 1741
f 1762 1727 1728 1757
f 1745 1746 1741 1740
f 1761 1762 1757 1756
f 1769 1731 1765 1764
f 1753 1754 1749 1748
f 1724 1635 1613 1747
f 1763 1722 1723 1754
f 1629 1595 1601 1637
f 1636 1611 1617 1635
f 1617 1618 1616 1613
f 1601 1602 1600 1597
f 1635 1617 1613
f 1637 1601 1597
f 1723 1749 1754
f 1731 1730 1765
f 1724 1747 1743
f 1722 1763 1759
f 1636 1606 1611
f 1628 1591 1596 1595
f 1606 1607 1612 1611
f 1628 1595 1629
f 1637 1597 1606 1636
f 1765 1730 1722 1759
f 1749 1723 1724 1743
f 1742 1743 1747 1744
f 1758 1759 1763 1760
f 1722 1730 1717 1716
f 1714 1717 1731 1729
f 1638 1632 1631 1639
f 1642 1628 1629
f 1631 1630 1640 1639
f 1629 1637 1643 1642
f 1642 1644 1630 1628
f 1727 1721 1720 1728
f 1723 1722 1716
f 1721 1727 1726
f 1726 1725 1721
f 1729 1728 1720 1719
f 1717 1730 1731
f 1635 1724 1715
f 1630 1644 1640
f 1715 1643 1636 1635
f 1633 1638 1634
f 1638 1633 1632
f 1636 1643 1637
f 1729 1719 1714
f 1716 1715 1724 1723
f 1638 1721 1725 1634
f 1888 1734 1733 1890
f 1888 1887 1735 1734
f 1641 1475 1625 1624
f 1626 1474 1473 1627
f 1475 1474 1626 1625
f 1627 1473 1889 1732
f 1887 1718 1736 1735
f 1890 1733 1732 1889
f 1904 1925 1915 1905
f 1897 1917 1899 1898
f 1891 1920 1910 1892
f 1909 1910 1920 1919
f 1749 1743 1741 1751
f 1762 1763 1754 1755
f 1597 1598 1605 1606
f 1581 1589 1587 1583
f 1577 1580 1579 1578
f 1448 1449 1440 1438
f 1438 1459 1458 1448
f 1406 1412 1424 1407
f 1391 1420 1410 1392
f 1409 1410 1420 1419
f 1285 1286 1288 1287
f 1277 1278 1280 1279
f 1257 1258 1260 1259
f 1249 1250 1252 1251
f 1241 1242 1244 1243
f 1250 1244 1242 1252
f 1094 1095 1102 1103
f 1114 1108 1106 1116
f 1092 1093 1091 1090
f 945 946 936 935
f 943 949 948 931
f 938 958 957 956
f 935 964 963 945
f 931 1424 1412 943
f 1066 1069 1068 1067
f 1080 1081 1079 1078
f 1094 1097 1096 1095
f 1102 1105 1104 1103
f 1110 1113 1112 1111
f 1067 1291 1292 1066
f 1248 1110 1111 1247
f 1286 1283 1284 1288
f 1464 1399 1417 1446
f 1397 1417 1399 1398
f 1449 1463 1462 1440
f 1454 1468 1467 1444
f 1575 1576 1574 1573
f 1597 1600 1599 1598
f 1605 1608 1607 1606
f 1613 1616 1615 1614
f 1617 1611 1609 1619
f 1785 1782 1783 1787
f 1771 1779 1777 1773
f 1744 1747 1746 1745
f 1752 1755 1754 1753
f 1760 1763 1762 1761
f 1770 1771 1773 1772
f 1780 1783 1782 1781
f 1788 1791 1790 1789
f 1784 1785 1787 1786
f 1776 1777 1779 1778
f 1764 1765 1767 1766
f 1756 1757 1759 1758
f 1748 1749 1751 1750
f 1740 1741 1743 1742
f 1570 1790 1791 1569
f 1601 1595 1593 1603
f 1619 1620 1618 1617
f 1611 1612 1610 1609
f 1603 1604 1602 1601
f 1583 1584 1582 1581
f 1569 1572 1571 1570
f 1446 1466 1465 1464
f 1400 1414 1423 1401
f 1395 1409 1419 1396
f 1271 1272 1274 1273
f 1263 1264 1255 1256
f 1075 1072 1070 1074
f 1116 1117 1115 1114
f 1108 1109 1107 1106
f 1100 1101 1099 1098
f 1086 1087 1085 1084
f 1074 1077 1076 1075
f 956 1899 1917 938
f 940 941 932 930
f 946 960 959 936
f 941 955 954 932
f 930 951 950 940
f 1072 1073 1071 1070
f 1078 1086 1084 1080
f 1098 1092 1090 1100
f 1266 1260 1258 1268
f 1272 1280 1278 1274
f 1245 1248 1247 1246
f 1253 1256 1255 1254
f 1261 1264 1263 1262
f 1281 1284 1283 1282
f 1289 1292 1291 1290
f 1414 1415 1425 1423
f 1404 1425 1415 1405
f 1451 1457 1456 1439
f 1443 1472 1471 1453
f 1453 1454 1444 1443
f 1589 1590 1588 1587
f 1578 1575 1573 1577
f 1747 1613 1614 1746
f 1765 1759 1757 1767
f 1439 1924 1912 1451
f 1914 1915 1925 1923
f 1895 1909 1919 1896
f 1900 1914 1923 1901
f 1906 1912 1924 1907
f 1789 1784 1786 1788
f 1898 1895 1896 1897
f 1675 1676 1653 1654
f 1468 1465 1466 1467
f 1604 1599 1600 1602
f 1576 1571 1572 1574
f 1276 1271 1273 1275
f 1403 1400 1401 1402
f 1681 1178 1167 1692
f 955 952 953 954
f 1073 1068 1069 1071
f 964 961 962 963
f 1087 1082 1083 1085
f 1101 1096 1097 1099
f 960 957 958 959
f 1183 1184 1205 1206
f 1187 1199 1382 1380
f 1398 1395 1396 1397
f 1262 1257 1259 1261
f 1290 1285 1287 1289
f 1407 1404 1405 1406
f 1472 1469 1470 1471
f 1590 1585 1586 1588
f 1463 1460 1461 1462
f 1903 1900 1901 1902
f 1761 1756 1758 1760
f 1775 1770 1772 1774
f 1894 1891 1892 1893
f 1907 1904 1905 1906
f 1781 1776 1778 1780
f 1745 1740 1742 1744
f 1753 1748 1750 1752
f 1683 1695 1882 1880
f 1612 1607 1608 1610
f 1584 1579 1580 1582
f 1459 1456 1457 1458
f 1394 1391 1392 1393
f 1246 1241 1243 1245
f 1270 1265 1267 1269
f 1479 1382 1199 1660
f 1185 1674 1663 1196
f 975 1882 1695 1164
f 1109 1104 1105 1107
f 1117 1112 1113 1115
f 1081 1076 1077 1079
f 951 948 949 950
f 1093 1088 1089 1091
f 1164 1176 977 975
f 1179 1180 1155 1156
f 1254 1249 1251 1253
f 1282 1277 1279 1281
f 1620 1615 1616 1618
f 1596 1591 1592 1594
f 1660 1672 1481 1479
f 1679 1680 1703 1704
f 1769 1764 1766 1768
f 1021 1017 1019 1027
f 1023 1052 1053 1026
f 1010 1012 999 1008
f 1016 1049 1048 1015
f 1011 1059 1060 998
f 1018 1050 1051 1020
f 1006 1000 1002 1005
f 1028 1037 1036 1024
f 1025 1013 1014 1022
f 997 1061 1058 1001
f 1361 1363 1373 1370
f 1302 1372 1368 1301
f 1004 1044 1045 1003
f 991 1039 1040 982
f 983 988 990 992
f 985 1056 1057 989
f 1317 1376 1364 1316
f 1319 1366 1375 1318
f 1314 1353 1354 1313
f 995 1055 1054 986
f 994 996 987 984
f 981 1041 1042 993
f 1007 1046 1047 1009
f 1369 1374 1365 1367
f 977 1035 1051 1050
f 1048 1049 977
f 977 1050 1048
f 1063 1035 977 1176
f 1151 1153 1152
f 1153 1162 1163 1152
f 1153 1151 1149 1150
f 1707 1152 1163 1696
f 1708 1151 1152 1707
f 1173 1179 1156 1172
f 1167 1178 1179 1173
f 1201 1208 1209 1200
f 1210 1208 1211 1212
f 1210 1209 1208
f 1185 1196 1190 1184
f 1184 1190 1191 1205
f 1322 1295 1187 1380
f 1380 1310 1308
f 1322 1380 1308 1307
f 1310 1380 1309
f 1659 1200 1209 1650
f 1650 1209 1210 1649
f 1357 1351 1352 1355
f 1308 1339 1337 1307
f 1344 1332 1335 1343
f 1299 1346 1359 1298
f 1306 1334 1331 1305
f 1320 1329 1333 1321
f 1312 1350 1348 1311
f 1297 1360 1356 1300
f 1340 1336 1330 1338
f 1303 1362 1371 1304
f 1309 1341 1342 1310
f 1345 1347 1349 1358
f 1515 1562 1563 1502
f 1532 1541 1540 1528
f 1510 1504 1506 1509
f 1522 1553 1554 1524
f 1525 1521 1523 1531
f 1501 1564 1561 1505
f 1529 1517 1518 1526
f 1520 1552 1551 1519
f 1514 1516 1503 1512
f 1527 1555 1556 1530
f 1816 1876 1864 1815
f 1511 1549 1550 1513
f 1485 1544 1545 1497
f 1498 1500 1491 1488
f 1499 1558 1557 1490
f 1801 1872 1868 1800
f 1861 1863 1873 1870
f 1869 1874 1865 1867
f 1489 1559 1560 1493
f 1487 1492 1494 1496
f 1495 1542 1543 1486
f 1508 1547 1548 1507
f 1813 1853 1854 1812
f 1818 1866 1875 1817
f 1566 1539 1481 1672
f 1551 1552 1481
f 1481 1553 1551
f 1481 1539 1554 1553
f 1649 1651 1650
f 1651 1649 1647 1648
f 1651 1658 1659 1650
f 1669 1675 1654 1668
f 1663 1674 1675 1669
f 1708 1706 1709 1710
f 1708 1707 1706
f 1697 1706 1707 1696
f 1680 1686 1687 1703
f 1681 1692 1686 1680
f 1822 1880 1807 1806
f 1809 1880 1808
f 1822 1794 1683 1880
f 1880 1809 1807
f 1820 1829 1833 1821
f 1805 1834 1831 1804
f 1798 1846 1859 1797
f 1844 1832 1835 1843
f 1807 1839 1837 1806
f 1857 1851 1852 1855
f 1845 1847 1849 1858
f 1808 1841 1842 1809
f 1802 1862 1871 1803
f 1840 1836 1830 1838
f 1796 1860 1856 1799
f 1811 1850 1848 1810
f 1846 1798 1804 1831 1832 1844 1841 1808 1880 1435 1845
f 1435 1433 1434
f 1428 1429 1430
f 1316 1364 1363 1361 1429
f 1428 1042 1316 1429
f 1380 1379 1430 1429
f 977 978 976 975
f 977 1049 1016 1013 1025 1026 1053 1059 1011 1012 1428
f 1434 1500 1498 1497 1545
f 1815 1435 1434 1545
f 1879 1880 1882 1881
f 1481 1482 1480 1479
f 1864 1863 1861 1862 1802 1810 1848 1847 1845 1435 1815
f 1880 1879 1433 1435
f 1361 1362 1303 1311 1429
f 1379 1380 1382 1381
f 1882 975 976 1881
f 1480 1381 1382 1479
f 1012 1010 1009 1047 1055 995 996 994 993 1042 1428
f 1311 1348 1347 1429
f 978 977 1428 1430
f 1482 1481 1434 1433
f 1483 1378 1381 1480
f 1483 1484 1432 1877 1378
f 1881 976 979 1878
f 1878 979 980 1431 1377 1378 1877
f 1379 1377 1431 1430
f 980 978 1430 1431
f 1377 1379 1381 1378
f 978 980 979 976
f 1309 1380 1341
f 1347 1345 1346 1429
f 1331 1332 1344 1341 1380
f 1346 1299 1429
f 1429 1299 1305 1331 1380
f 1484 1482 1433 1432
f 1879 1877 1432 1433
f 1877 1879 1881 1878
f 1482 1484 1483 1480
f 1552 1520 1481
f 1500 1434 1550 1558 1499
f 1517 1529 1530 1481 1520
f 1513 1550 1434 1514
f 1556 1562 1434 1481 1530
f 1516 1514 1434 1515
f 1515 1434 1562
f 1373 1376 1375 1374
f 1363 1364 1376 1373
f 1313 1354 1350 1312
f 1044 1057 1056 1045
f 986 1054 1056 985
f 1007 1008 1006 1003
f 989 990 988 985
f 985 988 987 986
f 986 987 996 995
f 1009 1010 1008 1007
f 1003 1045 1046 1007
f 1039 1319 1318 1040
f 1301 1314 1313 1302
f 1304 1371 1372 1302
f 1370 1371 1362 1361
f 1369 1372 1371 1370
f 1374 1375 1366 1365
f 1370 1373 1374 1369
f 1302 1313 1312 1304
f 1041 1317 1316 1042
f 1046 1054 1055 1047
f 982 1040 1041 981
f 1003 1006 1005 1004
f 982 983 992 991
f 981 984 983 982
f 993 994 984 981
f 984 987 988 983
f 1045 1056 1054 1046
f 1040 1318 1317 1041
f 1318 1375 1376 1317
f 1367 1368 1372 1369
f 1061 997 998 1060
f 1015 1048 1050 1018
f 1027 1028 1024 1021
f 1014 1015 1018 1017
f 1001 1002 1000 997
f 1013 1016 1015 1014
f 1022 1023 1026 1025
f 1059 1053 1052 1060
f 1022 1014 1017 1021
f 1061 1036 1037 1058
f 1024 1036 1052 1023
f 1017 1018 1020 1019
f 997 1000 999 998
f 998 999 1012 1011
f 1021 1024 1023 1022
f 1008 999 1000 1006
f 1060 1052 1036 1061
f 1357 1360 1359 1358
f 1347 1348 1350 1349
f 1339 1340 1338 1337
f 1321 1333 1334 1306
f 1321 1297 1300 1320
f 1360 1297 1298 1359
f 1306 1298 1297 1321
f 1358 1349 1351 1357
f 1333 1336 1335 1334
f 1358 1359 1346 1345
f 1355 1356 1360 1357
f 1349 1350 1354 1351
f 1342 1343 1340 1339
f 1329 1330 1336 1333
f 1310 1342 1339 1308
f 1343 1335 1336 1340
f 1304 1312 1311 1303
f 1305 1299 1298 1306
f 1334 1335 1332 1331
f 1341 1344 1343 1342
f 1351 1354 1353 1352
f 1869 1872 1871 1870
f 1870 1871 1862 1861
f 1803 1871 1872 1801
f 1800 1813 1812 1801
f 1544 1816 1815 1545
f 1548 1559 1557 1549
f 1488 1491 1492 1487
f 1497 1498 1488 1485
f 1485 1488 1487 1486
f 1486 1487 1496 1495
f 1507 1510 1509 1508
f 1486 1543 1544 1485
f 1549 1557 1558 1550
f 1812 1854 1850 1811
f 1863 1864 1876 1873
f 1873 1876 1875 1874
f 1867 1868 1872 1869
f 1817 1875 1876 1816
f 1543 1817 1816 1544
f 1507 1548 1549 1511
f 1513 1514 1512 1511
f 1490 1491 1500 1499
f 1489 1492 1491 1490
f 1493 1494 1492 1489
f 1511 1512 1510 1507
f 1490 1557 1559 1489
f 1547 1560 1559 1548
f 1542 1818 1817 1543
f 1801 1812 1811 1803
f 1870 1873 1874 1869
f 1874 1875 1866 1865
f 1526 1518 1521 1525
f 1519 1551 1553 1522
f 1531 1532 1528 1525
f 1518 1519 1522 1521
f 1505 1506 1504 1501
f 1517 1520 1519 1518
f 1526 1527 1530 1529
f 1562 1556 1555 1563
f 1564 1501 1502 1563
f 1564 1540 1541 1561
f 1528 1540 1555 1527
f 1521 1522 1524 1523
f 1501 1504 1503 1502
f 1502 1503 1516 1515
f 1525 1528 1527 1526
f 1512 1503 1504 1510
f 1563 1555 1540 1564
f 1855 1856 1860 1857
f 1858 1859 1846 1845
f 1833 1836 1835 1834
f 1858 1849 1851 1857
f 1805 1797 1796 1821
f 1860 1796 1797 1859
f 1821 1796 1799 1820
f 1821 1833 1834 1805
f 1839 1840 1838 1837
f 1847 1848 1850 1849
f 1857 1860 1859 1858
f 1851 1854 1853 1852
f 1841 1844 1843 1842
f 1834 1835 1832 1831
f 1804 1798 1797 1805
f 1803 1811 1810 1802
f 1843 1835 1836 1840
f 1809 1842 1839 1807
f 1829 1830 1836 1833
f 1842 1843 1840 1839
f 1849 1850 1854 1851
f 1356 1355 1326
f 1338 1330 1323 1322 1324
f 1314 1315 1325 1353
f 1356 1326 1315 1300
f 1038 1319 1039
f 1030 992 990 1029 1038
f 989 1029 990
f 1038 1039 991 1030
f 1043 1057 1044
f 1301 1368 1328 1038 1315
f 1355 1352 1325 1315 1326
f 1330 1329 1323
f 1365 1366 1327
f 1352 1353 1325
f 1367 1365 1327 1038 1328
f 1337 1324 1322 1307
f 1315 1320 1300
f 1043 1044 1004 1032
f 992 1030 991
f 1005 1032 1004
f 1029 989 1057 1043 1038
f 1323 1329 1320 1315 1322
f 1315 1314 1301
f 1319 1038 1327 1366
f 1337 1338 1324
f 1368 1367 1328
f 1043 1058 1037
f 1032 1005 1002 1031 1043
f 1001 1031 1002
f 1034 1027 1019 1033 1035
f 1031 1001 1058 1043
f 1020 1033 1019
f 1027 1034 1028
f 1033 1020 1051 1035
f 1037 1028 1034 1035 1043
f 1043 1062 1175 1157 1038
f 1188 1296 1315 1038 1157
f 1322 1315 1296 1295
f 1043 1035 1063 1062
f 1188 1157 1205 1191
f 1156 1157 1175 1172
f 1155 1158 1157 1156
f 1206 1205 1157 1158
f 1688 1689 1690 1691
f 1678 1711 1712 1698
f 1656 1667 1666 1655
f 1661 1198 1197 1662
f 1192 1203 1204 1193
f 1677 1182 1202 1657
f 1160 1171 1170 1159
f 1698 1712 1147 1161
f 1170 1171 1168 1169
f 1181 1678 1698 1161
f 1192 1193 1194 1195
f 1670 1673 1661 1662
f 1688 1699 1700 1689
f 1666 1667 1664 1665
f 1182 1213 1214 1202
f 1174 1177 1165 1166
f 1168 1691 1690 1169
f 1165 1694 1693 1166
f 1148 1181 1161 1147
f 1186 1189 1197 1198
f 1664 1195 1194 1665
f 1645 1657 1202 1214
f 1646 1677 1657 1645
f 1682 1685 1693 1694
f 1166 1693 1692 1167
f 1693 1685 1686 1692
f 1174 1166 1167 1173
f 1689 1700 1697 1696 1690
f 1162 1159 1170 1169 1163
f 1169 1690 1696 1163
f 1177 1174 1175 1062
f 1175 1174 1173 1172
f 1165 1177 1176 1164
f 1694 1165 1164 1695
f 1682 1694 1695 1683
f 1177 1062 1063 1176
f 1795 1682 1683 1794
f 1691 1168 1178 1681
f 1168 1171 1179 1178
f 1699 1688 1680 1679
f 1171 1160 1180 1179
f 1688 1691 1681 1680
f 1181 1148 1149 1151
f 1711 1678 1708 1710
f 1678 1181 1151 1708
f 1193 1204 1201 1200 1194
f 1665 1194 1200 1659
f 1658 1655 1666 1665 1659
f 1213 1182 1210 1212
f 1677 1646 1647 1649
f 1182 1677 1649 1210
f 1203 1192 1184 1183
f 1192 1195 1185 1184
f 1667 1656 1676 1675
f 1195 1664 1674 1185
f 1664 1667 1675 1674
f 1186 1198 1199 1187
f 1296 1186 1187 1295
f 1673 1565 1566 1672
f 1198 1661 1660 1199
f 1661 1673 1672 1660
f 1189 1188 1191 1190
f 1189 1186 1296 1188
f 1197 1189 1190 1196
f 1670 1662 1663 1669
f 1662 1197 1196 1663
f 1684 1795 1814 1819 1702
f 1822 1814 1795 1794
f 1546 1565 1671 1702 1819
f 1546 1539 1566 1565
f 1701 1704 1703 1702
f 1702 1671 1668 1654
f 1702 1703 1687 1684
f 1654 1653 1701 1702
f 1852 1853 1825
f 1867 1865 1827 1819 1828
f 1837 1824 1822 1806
f 1814 1820 1799
f 1823 1829 1820 1814 1822
f 1534 1496 1494 1533 1819
f 1493 1533 1494
f 1819 1542 1495 1534
f 1546 1560 1547
f 1814 1813 1800
f 1818 1819 1827 1866
f 1837 1838 1824
f 1868 1867 1828
f 1856 1855 1826
f 1838 1830 1823 1822 1824
f 1813 1814 1825 1853
f 1856 1826 1814 1799
f 1546 1547 1508 1536
f 1496 1534 1495
f 1509 1536 1508
f 1533 1493 1560 1546 1819
f 1819 1818 1542
f 1800 1868 1828 1819 1814
f 1855 1852 1825 1814 1826
f 1830 1829 1823
f 1865 1866 1827
f 1546 1561 1541
f 1536 1509 1506 1535 1546
f 1505 1535 1506
f 1538 1531 1523 1537 1539
f 1535 1505 1561 1546
f 1524 1537 1523
f 1531 1538 1532
f 1537 1524 1554 1539
f 1541 1532 1538 1539 1546
f 1671 1670 1669 1668
f 1673 1670 1671 1565
f 1685 1684 1687 1686
f 1685 1682 1795 1684
f 1992 1993 1994 1995 1996 1997 1998 1999 2000 2001 2002 2003 2004 2005 2006 1991
f 1957 1956 1955 1954 1953 1952 1951 1950 1949 1948 1947 1946 1945 1944 1943 1958
f 1976 1977 1978 1979 1980 1981 1982 1983 1984 1985 1986 1987 1988 1989 1990 1975
f 2008 2009 2010 2011 2012 2013 2014 2015 2016 2017 2018 2019 2020 2021 2022 2007
f 1928 1929 1930 1931 1932 1933 1934 1935 1936 1937 1938 1939 1940 1941 1942 1927
f 1960 1961 1962 1963 1964 1965 1966 1967 1968 1969 1970 1971 1972 1973 1974 1959
f 2010 2009 2004 2003
f 2014 2013 2000 1999
f 2018 2017 1996 1995
f 2022 2021 1992 1991
f 1978 1977 1972 1971
f 1982 1981 1968 1967
f 1986 1985 1964 1963
f 1990 1989 1960 1959
f 1955 1956 1940 1939
f 1951 1952 1936 1935
f 1947 1948 1932 1931
f 1943 1944 1928 1927
f 1946 1947 1931 1930
f 1950 1951 1935 1934
f 1954 1955 1939 1938
f 1958 1943 1927 1942
f 1987 1986 1963 1962
f 1983 1982 1967 1966
f 1979 1978 1971 1970
f 1975 1990 1959 1974
f 2019 2018 1995 1994
f 2015 2014 1999 1998
f 2011 2010 2003 2002
f 2007 2022 1991 2006
f 2009 2008 2005 2004
f 2013 2012 2001 2000
f 2017 2016 1997 1996
f 2021 2020 1993 1992
f 1977 1976 1973 1972
f 1981 1980 1969 1968
f 1985 1984 1965 1964
f 1989 1988 1961 1960
f 1956 1957 1941 1940
f 1952 1953 1937 1936
f 1948 1949 1933 1932
f 1944 1945 1929 1928
f 1945 1946 1930 1929
f 1949 1950 1934 1933
f 1953 1954 1938 1937
f 1957 1958 1942 1941
f 1988 1987 1962 1961
f 1984 1983 1966 1965
f 1980 1979 1970 1969
f 1976 1975 1974 1973
f 2020 2019 1994 1993
f 2016 2015 1998 1997
f 2012 2011 2002 2001
f 2008 2007 2006 2005
# 1863 faces, 0 coords texture